322.34,288.13,104.43,0.97076,0.0018742,0.24004,-0.0036172,-0.99974,0.022434,0.24002,-0.022646,-0.9705
307.47,288.1,100.66,0.96708,0.0016124,0.25446,-0.0038703,-0.99977,0.021044,0.25443,-0.021336,-0.96686
292.6,288.07,96.336,0.95928,0.0019965,0.28246,-0.0046595,-0.99973,0.022891,0.28243,-0.023275,-0.95901
277.73,288.04,92.026,0.95936,0.0018795,0.28217,-0.0012005,-0.99994,0.010742,0.28217,-0.010644,-0.9593
262.86,288.01,87.748,0.96432,0.0018844,0.26475,0.002111,-1,-0.00057143,0.26475,0.0011099,-0.96432
247.99,287.98,83.826,0.97274,0.0019072,0.23188,-0.00086944,-0.99993,0.011872,0.23189,-0.01175,-0.97267
233.12,287.96,80.433,0.97488,0.0019229,0.22274,0.0016852,-1,0.0012573,0.22274,-0.00085037,-0.97488
218.25,287.93,77.457,0.98418,0.001939,0.17719,-0.0007085,-0.99989,0.014877,0.17719,-0.014767,-0.98407
203.38,287.9,74.929,0.98639,0.0020536,0.16441,0.0008558,-0.99997,0.0073559,0.16442,-0.0071151,-0.98636
188.51,287.87,72.792,0.99296,0.0019113,0.11845,-0.00013958,-0.99985,0.017303,0.11847,-0.017198,-0.99281
173.64,287.84,71.034,0.99359,0.002079,0.11302,-0.00063833,-0.99971,0.024002,0.11304,-0.02392,-0.9933
158.77,287.81,69.511,0.99625,0.0019163,0.086526,0.00030915,-0.99983,0.018584,0.086547,-0.018487,-0.99608
143.9,287.78,68.319,0.99735,0.0019003,0.072707,0.00029987,-0.99976,0.022017,0.072732,-0.021937,-0.99711
129.03,287.75,67.246,0.99863,0.0019521,0.05231,0.00078222,-0.99975,0.022375,0.05234,-0.022304,-0.99838
114.16,287.72,66.525,0.99888,0.0020535,0.047238,0.00080636,-0.99965,0.026405,0.047275,-0.026337,-0.99853
99.287,287.69,65.908,0.99958,0.001916,0.029019,0.0013649,-0.99982,0.019,0.02905,-0.018953,-0.9994
84.417,287.66,65.471,0.99981,0.0018967,0.019221,0.0014971,-0.99978,0.020782,0.019256,-0.020749,-0.9996
69.547,287.64,65.071,0.99984,0.0021175,0.017896,0.001625,-0.99962,0.027493,0.017947,-0.027459,-0.99946
54.677,287.61,65.017,1,0.0019567,-8.7684e-05,0.0019587,-0.999,0.044766,-0,-0.044766,-0.999
39.807,287.58,65.018,1,0.0019568,-8.467e-05,0.0019586,-0.999,0.044769,3.0195e-06,-0.044769,-0.999
24.937,287.55,65.019,1,0.0019568,-8.1671e-05,0.0019585,-0.999,0.044779,6.0341e-06,-0.044779,-0.999
324.97,301.16,103.96,0.97999,-0.043546,0.19425,-0.065181,-0.99218,0.10641,0.1881,-0.11694,-0.97516
310.15,301.76,100.23,0.96704,-0.038797,0.25164,-0.064871,-0.99325,0.096161,0.24621,-0.10932,-0.96303
295.32,302.35,95.999,0.94793,-0.037135,0.3163,-0.069997,-0.99319,0.093173,0.31068,-0.11046,-0.94407
280.5,302.95,91.344,0.95589,-0.038349,0.29122,-0.07649,-0.98973,0.12074,0.2836,-0.13769,-0.94901
265.68,303.54,86.934,0.9596,-0.039209,0.27864,-0.1017,-0.97163,0.21352,0.26236,-0.23323,-0.93636
250.86,304.14,82.591,0.97035,-0.038929,0.23856,-0.09877,-0.96465,0.24433,0.22062,-0.26064,-0.93989
236.04,304.73,78.994,0.97221,-0.036657,0.23123,-0.095086,-0.96436,0.24691,0.21394,-0.26203,-0.94105
221.22,305.33,75.55,0.97751,-0.032226,0.20841,-0.086171,-0.96303,0.25525,0.19248,-0.26747,-0.94415
206.4,305.92,72.825,0.98435,-0.039417,0.17175,-0.087169,-0.95598,0.28019,0.15314,-0.29078,-0.94445
191.58,306.52,70.24,0.98745,-0.03713,0.15349,-0.081096,-0.95324,0.29112,0.13551,-0.29991,-0.94429
176.76,307.11,68.198,0.99118,-0.039979,0.12636,-0.07785,-0.94722,0.31097,0.10726,-0.31807,-0.94198
161.94,307.7,66.283,0.99383,-0.039871,0.10354,-0.071294,-0.94453,0.32059,0.085013,-0.326,-0.94154
147.11,308.3,64.861,0.99483,-0.039911,0.093415,-0.071258,-0.92956,0.36171,0.072398,-0.3665,-0.9276
132.29,308.89,63.382,0.99432,-0.030323,0.10203,-0.06368,-0.93756,0.34194,0.085294,-0.34649,-0.93417
117.47,309.49,62.36,0.99738,-0.040309,0.060076,-0.058564,-0.93739,0.34333,0.042475,-0.34595,-0.93729
102.65,310.08,61.435,0.99757,-0.036206,0.059562,-0.054598,-0.93708,0.34481,0.04333,-0.34722,-0.93678
87.831,310.68,60.736,0.99825,-0.039992,0.04362,-0.05255,-0.93799,0.34265,0.027211,-0.34434,-0.93845
73.01,311.27,60.03,0.99819,-0.034567,0.04917,-0.049401,-0.93782,0.34359,0.034236,-0.3454,-0.93783
58.189,311.87,59.644,0.99909,-0.040082,0.01486,-0.042748,-0.93664,0.34767,-1.6776e-05,-0.34799,-0.9375
43.368,312.46,59.424,0.99909,-0.040081,0.014843,-0.042741,-0.93664,0.34769,-3.2946e-05,-0.348,-0.93749
28.547,313.06,59.172,0.99897,-0.039647,0.021994,-0.045339,-0.87304,0.48554,-4.8684e-05,-0.48604,-0.87394
317.42,287.65,103.22,0.96608,0.093436,0.24074,0.08401,-0.99525,0.049148,0.24419,-0.027256,-0.96934
302.65,286.23,99.374,0.95443,0.092409,0.28376,0.082354,-0.99549,0.047188,0.28684,-0.021669,-0.95773
287.89,284.8,95.047,0.95557,0.092462,0.27987,0.084798,-0.99562,0.039397,0.28229,-0.013914,-0.95923
273.13,283.37,90.725,0.95553,0.092464,0.28004,0.085721,-0.99566,0.036262,0.28217,-0.010644,-0.9593
258.37,281.94,86.468,0.96111,0.09321,0.25997,0.10811,-0.99318,-0.043588,0.25414,0.069998,-0.96463
243.6,280.51,82.588,0.96478,0.092302,0.24634,0.11205,-0.99142,-0.067359,0.238,0.092589,-0.96684
228.84,279.08,79.166,0.97319,0.09385,0.20998,0.11041,-0.99152,-0.068543,0.20177,0.089888,-0.9753
214.08,277.66,76.267,0.97922,0.09381,0.1798,0.10977,-0.99066,-0.080948,0.17052,0.099002,-0.98037
199.32,276.23,73.721,0.98443,0.095371,0.14766,0.10853,-0.99056,-0.083761,0.13827,0.098482,-0.98549
184.55,274.8,71.578,0.9858,0.094191,0.13903,0.10679,-0.99055,-0.086117,0.1296,0.099741,-0.98654
169.79,273.37,69.802,0.98642,0.095441,0.13364,0.12591,-0.96198,-0.24237,0.10543,0.25591,-0.96093
155.03,271.94,67.977,0.98949,0.095067,0.10898,0.11938,-0.96228,-0.24448,0.081628,0.25492,-0.96351
140.27,270.51,66.464,0.99058,0.096016,0.097623,0.11781,-0.96099,-0.25023,0.069789,0.25937,-0.96325
125.5,269.09,65.068,0.9933,0.097697,0.061733,0.10888,-0.97018,-0.21654,0.038737,0.22181,-0.97432
110.74,267.66,63.971,0.99148,0.095606,0.088487,0.11555,-0.95909,-0.25846,0.060157,0.26648,-0.96196
95.977,266.23,62.838,0.99355,0.095829,0.060667,0.10873,-0.95693,-0.26918,0.032259,0.27404,-0.96118
81.215,264.8,62.021,0.99379,0.098057,0.052555,0.10872,-0.95617,-0.2719,0.02359,0.27592,-0.96089
66.452,263.37,61.243,0.99467,0.096238,0.03706,0.10273,-0.95627,-0.27384,0.0090854,0.27618,-0.96106
51.69,261.94,60.704,0.99433,0.096206,0.045392,0.10638,-0.8993,-0.4242,9.6372e-06,0.42663,-0.90443
36.927,260.52,60.03,0.99433,0.096207,0.045386,0.10637,-0.8993,-0.4242,4.329e-06,0.42662,-0.90443
323.06,283.64,104.71,-0.14165,0.98821,-0.058092,0.96038,0.15142,0.23399,0.24002,-0.022646,-0.9705
325.23,270.17,103.98,-0.15782,0.9779,0.13711,0.96605,0.12414,0.22656,0.20453,0.16821,-0.9643
327.41,256.7,101.49,-0.15283,0.95994,0.23485,0.96873,0.098519,0.22773,0.19547,0.26231,-0.94498
329.58,243.23,97.211,-0.14642,0.90038,0.40972,0.96753,0.044087,0.24889,0.20603,0.43286,-0.8776
331.75,229.76,90.632,-0.13727,0.85068,0.50744,0.97001,0.011715,0.24277,0.20057,0.52555,-0.82678
333.93,216.29,81.33,-0.11577,0.78557,0.60785,0.97937,-0.011773,0.20175,0.16564,0.61867,-0.76799
336.1,202.82,68.211,-0.11686,0.62278,0.77362,0.9816,-0.046023,0.18533,0.15102,0.78104,-0.60594
312.32,283.63,102.04,0.044518,0.99896,-0.01033,0.96607,-0.040414,0.25512,0.25443,-0.021336,-0.96686
312.02,270.17,100.7,0.022344,0.98345,0.17978,0.96587,-0.06765,0.25003,0.25805,0.16806,-0.9514
311.71,256.72,97.6,0.028819,0.96111,0.27467,0.97143,-0.09169,0.21891,0.23558,0.26052,-0.93629
311.4,243.27,92.491,0.037575,0.91873,0.3931,0.96591,-0.13422,0.22137,0.25614,0.37138,-0.89245
311.1,229.81,84.97,0.029202,0.83894,0.54344,0.96617,-0.16306,0.1998,0.25623,0.51922,-0.81532
310.79,216.36,74.198,0.019302,0.72295,0.69064,0.96871,-0.18448,0.16604,0.24744,0.66582,-0.70389
292.65,280.82,96.285,0.036673,0.99545,0.087899,0.95888,-0.059823,0.27743,0.28142,0.074111,-0.95672
292.16,267.48,94.505,0.035575,0.97903,0.20061,0.95751,-0.090878,0.27371,0.2862,0.18234,-0.94066
291.68,254.13,90.801,0.051563,0.95028,0.3071,0.9584,-0.13353,0.25227,0.28073,0.28132,-0.91763
291.19,240.78,84.886,0.047304,0.88474,0.46368,0.9562,-0.17435,0.23511,0.28885,0.43226,-0.85424
290.71,227.43,76.056,0.037471,0.79739,0.60229,0.95921,-0.1977,0.20206,0.28019,0.57016,-0.77228
290.22,214.08,63.438,0.032691,0.65601,0.75404,0.95721,-0.23759,0.1652,0.28753,0.71638,-0.63571
277.32,279.48,91.672,0.16561,0.97784,0.12811,0.94604,-0.19421,0.25942,0.27855,0.078232,-0.95723
275.12,266.39,89.165,0.16891,0.9568,0.23665,0.94496,-0.22546,0.2371,0.28021,0.18358,-0.94222
272.92,253.3,84.768,0.17564,0.91589,0.36096,0.94157,-0.26333,0.21,0.28739,0.30298,-0.90863
270.72,240.21,77.6,0.14236,0.82686,0.54409,0.94815,-0.27171,0.16485,0.28414,0.49242,-0.82267
268.52,227.12,67.413,0.13288,0.73724,0.66244,0.94827,-0.28898,0.1314,0.28831,0.61071,-0.7375
256.69,283.7,86.116,0.2867,0.95546,0.069943,0.92352,-0.29506,0.24505,0.25478,-0.0056631,-0.96698
253.04,270.79,83.736,0.26059,0.92859,0.26422,0.92823,-0.31623,0.19593,0.2655,0.1942,-0.94435
249.4,257.88,79.446,0.25179,0.89003,0.38006,0.93744,-0.32186,0.13267,0.24041,0.32288,-0.9154
245.76,244.97,72.66,0.24114,0.83441,0.49559,0.94278,-0.32257,0.084372,0.23027,0.44689,-0.86445
242.11,232.06,62.649,0.21182,0.73575,0.64328,0.95107,-0.30669,0.037592,0.22494,0.60384,-0.76471
236.22,283.81,81.146,0.41924,0.90289,0.095003,0.88012,-0.42987,0.20147,0.22274,-0.00085037,-0.97488
230.66,271.36,78.594,0.39336,0.88023,0.26546,0.89847,-0.42927,0.09206,0.19499,0.2023,-0.95972
225.09,258.91,74.104,0.37004,0.82841,0.42049,0.90489,-0.42387,0.038761,0.21034,0.36615,-0.90647
219.53,246.45,67.119,0.35322,0.79575,0.49194,0.91902,-0.39352,-0.023334,0.17502,0.46035,-0.87032
213.97,234,56.761,0.2996,0.64869,0.6996,0.93832,-0.333,-0.093061,0.1726,0.68433,-0.70845
202.71,272.54,73.758,0.32941,0.90264,0.27701,0.93029,-0.36043,0.068219,0.16142,0.23523,-0.95844
198.15,260.04,69.577,0.31531,0.86336,0.39393,0.9352,-0.35319,0.02553,0.16118,0.36036,-0.91879
193.59,247.54,62.778,0.28908,0.79154,0.53843,0.94528,-0.32487,-0.029925,0.15123,0.51762,-0.84214
189.02,235.04,52.117,0.24262,0.65413,0.71642,0.95996,-0.2685,-0.079948,0.14006,0.70713,-0.69308
172.21,270.09,69.195,0.53376,0.80076,0.27181,0.83904,-0.54157,-0.052174,0.10543,0.25591,-0.96093
164.7,258.83,64.79,0.50666,0.7601,0.40687,0.85347,-0.50897,-0.11196,0.12199,0.40398,-0.9066
157.2,247.58,58.025,0.46891,0.71894,0.51307,0.87971,-0.43205,-0.19858,0.078906,0.54447,-0.83506
152.21,268.36,66.792,0.59776,0.76104,0.252,0.79751,-0.59652,-0.090261,0.081628,0.25492,-0.96351
143.77,257.62,62.285,0.57425,0.73069,0.36923,0.81537,-0.55096,-0.17778,0.073531,0.40315,-0.91218
135.33,246.88,55.627,0.51338,0.65296,0.55684,0.85471,-0.44719,-0.26362,0.076879,0.61128,-0.78767
125.13,274.51,66.249,0.51832,0.84754,0.11414,0.85359,-0.52088,-0.0084111,0.052323,0.10179,-0.99343
117.87,262.66,62.888,0.48121,0.7855,0.38915,0.87559,-0.4521,-0.17015,0.04228,0.42261,-0.90532
110.61,250.81,56.549,0.44985,0.75182,0.48207,0.89207,-0.40424,-0.20201,0.042991,0.52091,-0.85253
95.45,275.29,65.024,0.27922,0.95098,0.13292,0.96013,-0.2785,-0.024353,0.013858,0.13442,-0.99083
91.56,262.12,61.518,0.26542,0.9248,0.27257,0.96359,-0.26391,-0.042903,0.032259,0.27404,-0.96118
87.67,248.95,54.452,0.22861,0.82434,0.51787,0.97308,-0.20949,-0.09608,0.029288,0.5259,-0.85004
58.785,282.96,65.113,0.17825,0.9776,0.11192,0.98398,-0.1771,-0.020275,-0,0.11374,-0.99351
56.239,269,62.811,0.17259,0.94656,0.27246,0.98499,-0.16586,-0.047733,8.7066e-06,0.27661,-0.96098
53.694,255.04,57.446,0.15435,0.89359,0.42151,0.98802,-0.1396,-0.065845,2.7361e-06,0.42662,-0.90443
336.09,208.22,74.333,-0.27153,0.67594,0.68511,0.94982,0.073367,0.30406,0.15526,0.7333,-0.66194
340.41,197.46,62.236,-0.22565,0.59904,0.76826,0.96165,0.010754,0.27407,0.15592,0.80064,-0.5785
344.73,186.7,44.85,-0.15817,0.42774,0.88995,0.97725,-0.061164,0.20309,0.1413,0.90183,-0.40834
349.05,175.94,25.499,-0.30192,0.75134,0.5868,0.9532,0.22747,0.19918,0.01617,0.61947,-0.78485
353.38,165.18,17.255,-0.28486,0.76114,0.58269,0.95856,0.22945,0.16888,-0.0051598,0.60665,-0.79495
357.7,154.42,6.829,-0.26978,0.67062,0.69101,0.9629,0.19257,0.18904,-0.0062944,0.71637,-0.69769
362.02,143.67,0.37527,-0.37124,0.87244,0.31784,0.92852,0.35078,0.12166,-0.0053558,0.34029,-0.94031
366.34,132.91,-0.22499,-0.37275,0.92791,-0.0061718,0.92788,0.37265,-0.012719,-0.0095025,-0.010468,-0.9999
311.85,212.64,71.04,-0.18177,0.74364,0.6434,0.94963,-0.037104,0.31117,0.25527,0.66755,-0.69944
315.03,201.47,58.841,-0.15994,0.56338,0.81057,0.95463,-0.12069,0.27225,0.25121,0.81733,-0.51851
318.2,190.31,39.946,-0.15502,0.49132,0.85707,0.95758,-0.13859,0.25265,0.24291,0.85988,-0.44899
321.38,179.14,27.074,-0.22871,0.79625,0.56006,0.97279,0.16499,0.16267,0.03712,0.58203,-0.81232
324.56,167.97,19.242,-0.2254,0.79992,0.55617,0.97426,0.18292,0.13175,0.0036515,0.57155,-0.82056
327.73,156.81,9.2626,-0.19871,0.69639,0.68961,0.98006,0.14143,0.13959,-0.00031986,0.70359,-0.7106
330.91,145.64,1.1954,-0.25653,0.90293,0.34483,0.96653,0.2412,0.08746,-0.0042019,0.35572,-0.93458
334.09,134.47,-0.12646,-0.27353,0.96169,-0.018392,0.96184,0.27361,0.0018453,0.0068067,-0.017185,-0.99983
288.67,217.29,66.289,-0.098287,0.72918,0.67723,0.95259,-0.12796,0.27603,0.28793,0.67226,-0.68203
290.64,205.29,52.179,-0.067746,0.57235,0.8172,0.95271,-0.20607,0.22331,0.29622,0.79369,-0.53133
292.61,193.29,35.444,-0.14247,0.80767,0.57216,0.9842,0.054219,0.16854,0.10511,0.58713,-0.80264
294.59,181.29,28.621,-0.13439,0.81787,0.55949,0.99093,0.11121,0.07545,-0.00051415,0.56456,-0.82539
296.56,169.29,20.22,-0.13281,0.80806,0.57393,0.99114,0.10858,0.076477,-0.00051908,0.579,-0.81533
298.53,157.3,9.7449,-0.11636,0.70699,0.69759,0.99321,0.082547,0.082004,0.00039286,0.70239,-0.71179
300.5,145.3,1.0514,-0.15433,0.92058,0.35878,0.98802,0.14379,0.056041,-0,0.36313,-0.93174
302.47,133.3,-0.11301,-0.16215,0.98657,-0.0197,0.98677,0.16211,-0.0032372,-0,-0.019964,-0.9998
264.53,224.88,63.804,-0.074124,0.7477,0.65989,0.95907,-0.1279,0.25265,0.27331,0.6516,-0.70761
265.91,212.57,49.981,-0.068577,0.55813,0.82691,0.95584,-0.20067,0.21471,0.28577,0.80512,-0.51972
267.29,200.25,37.337,-0.12203,0.86914,0.47928,0.98534,0.04809,0.16366,0.1192,0.49223,-0.86227
268.67,187.94,32.163,-0.099751,0.88971,0.4455,0.99501,0.089054,0.044942,0.00031245,0.44776,-0.89415
270.05,175.62,24.735,-0.090972,0.8114,0.57737,0.99585,0.074423,0.052319,-0.00051766,0.57973,-0.81481
271.43,163.3,15.638,-0.079769,0.71156,0.69809,0.99681,0.056666,0.056144,0.00039177,0.70034,-0.71381
272.81,150.99,3.5661,-0.1073,0.71255,0.69337,0.99423,0.076898,0.074829,-0,0.6974,-0.71668
274.19,138.67,-0.22032,-0.1114,0.99358,-0.01984,0.99378,0.11137,-0.002224,-0,-0.019964,-0.9998
237.08,226.76,56.046,-0.03159,0.72456,0.68849,0.97285,-0.13572,0.18747,0.22928,0.67572,-0.7006
238.18,213.89,42.489,-0.089726,0.79892,0.5947,0.9936,0.030644,0.10874,0.068652,0.60065,-0.79656
239.28,201.03,37.712,-0.079738,0.9321,0.35331,0.99679,0.076903,0.022078,-0.0065919,0.35394,-0.93524
240.38,188.17,32.238,-0.076399,0.89254,0.44445,0.99708,0.068013,0.034809,0.00083969,0.44581,-0.89513
241.48,175.31,24.529,-0.069581,0.81285,0.5783,0.99758,0.056806,0.040181,-0.00018969,0.57969,-0.81483
242.58,162.44,14.778,-0.060934,0.71116,0.70039,0.99814,0.04245,0.043735,0.0013706,0.70175,-0.71242
243.68,149.58,2.7209,-0.0795,0.92879,0.36198,0.99683,0.074074,0.028869,-0,0.36313,-0.93174
244.78,136.72,-0.18128,-0.085267,0.99616,-0.019892,0.99636,0.08525,-0.0017023,-0,-0.019964,-0.9998
215.91,233.82,57.07,-0.015199,0.71593,0.69801,0.98392,-0.11355,0.13789,0.17797,0.68888,-0.70269
216.16,220.84,43.944,-0.068736,0.76616,0.63896,0.98919,-0.030821,0.14337,0.12954,0.64191,-0.75576
216.41,207.86,39.69,-0.018934,0.96841,0.24863,0.99982,0.018852,0.0027107,-0.0020622,0.24864,-0.96859
216.67,194.87,35.322,-0.017866,0.91667,0.39924,0.99984,0.016441,0.0069946,-0.00015198,0.3993,-0.91682
216.92,181.89,29.013,-0.016198,0.82828,0.56009,0.99987,0.01317,0.0094397,0.00044219,0.56017,-0.82838
217.18,168.9,19.978,-0.015855,0.81037,0.5857,0.99987,0.01308,0.0089702,-0.00039166,0.58577,-0.81048
217.43,155.92,8.3834,-0.013987,0.71784,0.69606,0.9999,0.0099054,0.0098768,0.00019519,0.69613,-0.71791
217.68,142.93,0.12963,-0.020341,0.93154,0.36306,0.99979,0.018953,0.0073865,-0,0.36313,-0.93174
192.1,238.07,55.738,0.02435,0.76747,0.64062,0.9897,-0.10895,0.092906,0.1411,0.63176,-0.76221
191.88,224.83,44.213,0.007195,0.89278,0.45043,0.99759,-0.037496,0.058384,0.069014,0.44892,-0.8909
191.67,211.58,40.76,0.015673,0.97917,0.20243,0.99987,-0.015993,-5.7619e-05,0.003181,0.20241,-0.9793
191.46,198.34,36.724,0.014774,0.93436,0.35603,0.99989,-0.01333,-0.0065074,-0.0013344,0.35608,-0.93445
191.25,185.09,30.661,0.013968,0.89784,0.44011,0.9999,-0.012389,-0.0064597,-0.00034731,0.44015,-0.89792
191.04,171.85,22.099,0.012984,0.81733,0.57602,0.99992,-0.010599,-0.0074996,-2.4239e-05,0.57607,-0.8174
190.82,158.6,10.984,0.011485,0.71743,0.69653,0.99993,-0.0085084,-0.0077233,0.00038546,0.69658,-0.71748
190.61,145.36,1.0742,0.015364,0.93163,0.36309,0.99988,-0.014315,-0.0055792,-0,0.36313,-0.93174
190.4,132.11,-0.089283,0.016005,0.99967,-0.019962,0.99987,-0.016002,0.00031953,-0,-0.019964,-0.9998
176.92,238.67,53.921,0.075135,0.68617,0.72355,0.99142,-0.12926,0.019635,0.107,0.71586,-0.69
175.47,225.37,43.806,0.10325,0.94779,0.30172,0.99333,-0.11389,0.017811,0.051243,0.29787,-0.95323
174.02,212.08,40.812,0.10545,0.97761,0.18208,0.99442,-0.10388,-0.018156,0.0011643,0.18298,-0.98312
172.57,198.78,36.882,0.10086,0.9314,0.34973,0.9949,-0.094675,-0.034797,0.00070086,0.35146,-0.9362
171.11,185.48,30.833,0.095797,0.89594,0.43371,0.9954,-0.086537,-0.041097,0.00071192,0.43566,-0.90011
169.66,172.19,22.347,0.08831,0.81491,0.57281,0.99609,-0.072234,-0.050803,-2.3508e-05,0.57506,-0.81811
168.21,158.89,11.252,0.078186,0.71564,0.69408,0.99694,-0.056394,-0.054157,0.00038539,0.69619,-0.71786
166.76,145.59,1.1663,0.10354,0.92673,0.36118,0.99463,-0.096469,-0.037597,-0,0.36313,-0.93174
165.3,132.3,-0.092967,0.10857,0.99389,-0.019846,0.99409,-0.10855,0.0021676,-0,-0.019964,-0.9998
153.95,242.39,53.91,0.10217,0.77927,0.61831,0.99115,-0.13273,0.0035106,0.084803,0.61247,-0.78593
152.21,229.11,43.996,0.12777,0.97775,0.16638,0.99134,-0.13103,0.0087439,0.03035,0.16382,-0.98602
150.48,215.83,41.586,0.12721,0.97366,0.18923,0.99187,-0.12561,-0.020498,0.0038105,0.1903,-0.98172
148.74,202.54,38.155,0.12244,0.95266,0.27828,0.99248,-0.11776,-0.033559,0.00079886,0.2803,-0.95991
147,189.26,32.629,0.11692,0.89476,0.43098,0.99314,-0.10593,-0.049499,0.0013654,0.43381,-0.901
145.27,175.98,25.015,0.10641,0.81406,0.57095,0.99432,-0.087102,-0.06112,-2.5111e-05,0.57421,-0.81871
143.53,162.7,14.988,0.092839,0.70819,0.69989,0.99568,-0.066012,-0.06528,-2.9151e-05,0.70293,-0.71126
141.8,149.42,2.6564,0.12087,0.92491,0.36047,0.99267,-0.11262,-0.043893,-0,0.36313,-0.93174
140.06,136.13,-0.16961,0.12956,0.99137,-0.019796,0.99157,-0.12953,0.0025866,-0,-0.019964,-0.9998
125.69,243.6,52.35,0.1026,0.79181,0.60209,0.99376,-0.1082,-0.027045,0.043732,0.60111,-0.79797
123.94,230.19,43.89,0.12884,0.98267,0.13323,0.99163,-0.12876,-0.0092335,0.0080814,0.1333,-0.99104
122.18,216.78,41.759,0.12781,0.97478,0.18293,0.9918,-0.12566,-0.023313,0.00026192,0.18441,-0.98285
120.42,203.37,38.305,0.12354,0.9491,0.28973,0.99234,-0.11864,-0.034489,0.0016406,0.29178,-0.95649
118.66,189.96,32.925,0.11736,0.89525,0.42983,0.99309,-0.1064,-0.049557,0.0013668,0.43268,-0.90155
116.9,176.55,25.41,0.10692,0.82828,0.55002,0.99427,-0.089056,-0.059169,-2.5964e-05,0.55319,-0.83305
115.14,163.14,15.425,0.09295,0.70692,0.70116,0.99567,-0.065973,-0.065477,-2.9462e-05,0.70421,-0.70999
113.39,149.74,2.7808,0.12126,0.92486,0.36045,0.99262,-0.11298,-0.044034,-0,0.36313,-0.93174
111.63,136.33,-0.17345,0.12997,0.99132,-0.019795,0.99152,-0.12995,0.0025949,-0,-0.019964,-0.9998
89.869,253.22,57.178,0.07352,0.83959,0.53823,0.99706,-0.073535,-0.021486,0.02154,0.53823,-0.84252
88.688,239.69,47.453,0.072945,0.81804,0.57052,0.99676,-0.079206,-0.013873,0.03384,0.56969,-0.82117
87.508,226.16,43.129,0.086254,0.98905,0.11978,0.99627,-0.086062,-0.0067908,0.0035924,0.11992,-0.99278
86.327,212.63,40.979,0.084307,0.98224,0.16759,0.99644,-0.0832,-0.013624,0.00056151,0.16815,-0.98576
85.146,199.1,36.86,0.081611,0.94604,0.3136,0.99666,-0.07801,-0.024038,0.0017229,0.31451,-0.94925
83.965,185.57,30.772,0.076927,0.89928,0.43056,0.99704,-0.069976,-0.031984,0.0013663,0.43174,-0.902
82.784,172.04,22.261,0.070642,0.81725,0.57194,0.9975,-0.057862,-0.040525,-2.5112e-05,0.57338,-0.81929
81.603,158.51,10.845,0.062664,0.71811,0.6931,0.99803,-0.045223,-0.043378,0.00019451,0.69446,-0.71953
80.422,144.98,0.92892,0.084671,0.92839,0.36183,0.99641,-0.078891,-0.030747,-0,0.36313,-0.93174
56.199,257.95,58.819,0.082426,0.90135,0.42518,0.9966,-0.074553,-0.035156,9.6372e-06,0.42663,-0.90443
54.964,244.53,50.214,0.075106,0.79147,0.60657,0.99717,-0.06182,-0.042805,0.0036196,0.60807,-0.79387
53.73,231.12,43.72,0.090925,0.98778,0.12656,0.99585,-0.090623,-0.008158,0.0034112,0.12678,-0.99193
52.495,217.71,41.806,0.090427,0.98237,0.16362,0.9959,-0.089158,-0.0151,-0.00024525,0.16432,-0.98641
51.26,204.29,38.481,0.087374,0.94975,0.30056,0.99618,-0.083242,-0.026552,-0.00019867,0.30173,-0.95339
50.025,190.88,33.294,0.082755,0.89894,0.43019,0.99657,-0.074599,-0.035824,-0.00011205,0.43168,-0.90203
48.791,177.47,26.013,0.075612,0.83546,0.54432,0.99714,-0.063344,-0.041288,-1.5578e-05,0.54588,-0.83786
47.556,164.05,16.328,0.064894,0.70438,0.70685,0.99789,-0.045872,-0.045902,9.2709e-05,0.70834,-0.70587
46.321,150.64,3.2227,0.091342,0.7153,0.69283,0.99582,-0.065611,-0.06355,-0,0.69573,-0.7183
352.54,163.88,16.139,-0.088041,0.71991,0.68846,0.9961,0.067254,0.057057,-0.0052257,0.6908,-0.72303
354.34,149.2,2.4135,-0.11461,0.93423,0.33776,0.9934,0.10935,0.034627,-0.0045837,0.3395,-0.9406
356.14,134.52,-0.17768,-0.12179,0.99251,-0.0096062,0.99254,0.12172,-0.0069165,-0.0056954,-0.010377,-0.99993
357.94,119.84,-0.15595,-0.12177,0.99256,0.00062514,0.99255,0.12177,-0.0050957,-0.0051339,-0,-0.99999
359.74,105.16,-0.16754,-0.12176,0.99256,0.0010153,0.99254,0.12177,-0.0056716,-0.005753,0.0003171,-0.99998
361.54,90.477,-0.18372,-0.12177,0.99256,0.00077482,0.99254,0.12177,-0.0063157,-0.006363,-0,-0.99998
363.34,75.797,-0.20613,-0.12176,0.99256,0.0022665,0.99252,0.12178,-0.0084054,-0.0086188,0.0012261,-0.99996
365.14,61.118,-0.23971,-0.12176,0.99256,0.0023019,0.99252,0.12178,-0.0085195,-0.0087364,0.0012474,-0.99996
321.58,174.25,23.688,-0.033712,0.8125,0.58199,0.99942,0.029522,0.016678,-0.0036304,0.58222,-0.81302
322.19,159.59,12.021,-0.029423,0.71452,0.69899,0.99957,0.020757,0.020857,0.00039391,0.69931,-0.71482
322.8,144.93,0.90707,-0.040674,0.93097,0.36283,0.99917,0.037897,0.01477,-0,0.36313,-0.93174
323.41,130.27,-0.08,-0.041385,0.99914,0,0.99914,0.041385,-0,-0,-0,-1
324.01,115.6,-0.08,-0.041385,0.99914,0,0.99914,0.041385,-0,-0,-0,-1
324.62,100.94,-0.08,-0.041385,0.99914,0,0.99914,0.041385,-0,-0,-0,-1
325.23,86.281,-0.08,-0.041385,0.99914,0,0.99914,0.041385,-0,-0,-0,-1
325.83,71.62,-0.08,-0.041385,0.99914,0,0.99914,0.041385,-0,-0,-0,-1
326.44,56.958,-0.08,-0.041385,0.99914,0,0.99914,0.041385,-0,-0,-0,-1
295,176.42,25.288,-0.068476,0.82344,0.56326,0.99765,0.05681,0.038236,-0.00051415,0.56456,-0.82539
296.23,161.8,14.176,-0.059931,0.71294,0.69866,0.9982,0.042667,0.042086,0.00019438,0.69993,-0.71421
297.46,147.19,1.7879,-0.07822,0.92888,0.36202,0.99694,0.072881,0.028404,-0,0.36313,-0.93174
298.69,132.57,-0.098462,-0.083922,0.99627,-0.019894,0.99647,0.083906,-0.0016755,-0,-0.019964,-0.9998
299.92,117.96,-0.08,-0.083912,0.99647,0,0.99647,0.083912,-0,-0,-0,-1
301.15,103.34,-0.08,-0.083912,0.99647,0,0.99647,0.083912,-0,-0,-0,-1
302.38,88.723,-0.08,-0.083912,0.99647,0,0.99647,0.083912,-0,-0,-0,-1
303.61,74.107,-0.08,-0.083912,0.99647,0,0.99647,0.083912,-0,-0,-0,-1
304.84,59.491,-0.08,-0.083912,0.99647,0,0.99647,0.083912,-0,-0,-0,-1
266.9,175.37,24.557,-0.031909,0.81438,0.57945,0.99949,0.0263,0.018077,-0.00051766,0.57973,-0.81481
267.47,160.74,13.117,-0.027932,0.71354,0.70006,0.99961,0.019664,0.019841,0.00039177,0.70034,-0.71381
268.04,146.11,1.3672,-0.03716,0.93109,0.36288,0.99931,0.034623,0.013494,-0,0.36313,-0.93174
268.62,131.48,-0.08,-0.039155,0.99923,0,0.99923,0.039155,-0,-0,-0,-1
269.19,116.85,-0.08,-0.039155,0.99923,0,0.99923,0.039155,-0,-0,-0,-1
269.76,102.22,-0.08,-0.039155,0.99923,0,0.99923,0.039155,-0,-0,-0,-1
270.34,87.592,-0.08,-0.039155,0.99923,0,0.99923,0.039155,-0,-0,-0,-1
270.91,72.963,-0.08,-0.039155,0.99923,0,0.99923,0.039155,-0,-0,-0,-1
271.48,58.334,-0.08,-0.039155,0.99923,0,0.99923,0.039155,-0,-0,-0,-1
255.01,186.46,31.405,0.090356,0.89097,0.44497,0.99591,-0.081324,-0.039394,0.0010879,0.44671,-0.89468
253.52,171.94,22.125,0.083144,0.81189,0.57785,0.99654,-0.067438,-0.048634,-0.00051684,0.5799,-0.81469
252.03,157.42,9.8475,0.073075,0.71147,0.6989,0.99733,-0.052124,-0.051215,-8.6371e-06,0.70078,-0.71338
250.54,142.9,0.11479,0.10664,0.92642,0.36106,0.9943,-0.099359,-0.038724,-0,0.36313,-0.93174
249.05,128.37,-0.08,0.10199,0.99479,-0,0.99479,-0.10199,0,-0,-0,-1
247.56,113.85,-0.08,0.10199,0.99479,-0,0.99479,-0.10199,0,-0,-0,-1
246.08,99.332,-0.08,0.10199,0.99479,-0,0.99479,-0.10199,0,-0,-0,-1
244.59,84.811,-0.08,0.10199,0.99479,-0,0.99479,-0.10199,0,-0,-0,-1
243.1,70.29,-0.08,0.10199,0.99479,-0,0.99479,-0.10199,0,-0,-0,-1
241.61,55.769,-0.08,0.10199,0.99479,-0,0.99479,-0.10199,0,-0,-0,-1
239.73,179.11,27.144,0.17223,0.81525,0.5529,0.98506,-0.14279,-0.096296,0.00044286,0.56122,-0.82766
236.69,164.81,17.032,0.15238,0.8035,0.57547,0.98832,-0.12394,-0.088644,9.8078e-05,0.58226,-0.813
233.65,150.51,3.0948,0.21005,0.69887,0.68371,0.97769,-0.15015,-0.14689,-0,0.69931,-0.71482
230.61,136.2,-0.17092,0.20789,0.97796,-0.019528,0.97815,-0.20785,0.0041505,-0,-0.019964,-0.9998
227.57,121.9,-0.08,0.20793,0.97814,-0,0.97814,-0.20793,0,-0,-0,-1
224.53,107.59,-0.08,0.20793,0.97814,-0,0.97814,-0.20793,0,-0,-0,-1
221.49,93.287,-0.08,0.20793,0.97814,-0,0.97814,-0.20793,0,-0,-0,-1
218.45,78.983,-0.08,0.20793,0.97814,-0,0.97814,-0.20793,0,-0,-0,-1
215.41,64.679,-0.08,0.20793,0.97814,-0,0.97814,-0.20793,0,-0,-0,-1
205.44,179.47,27.373,0.11428,0.82368,0.55543,0.99345,-0.094734,-0.063914,-2.6786e-05,0.55909,-0.82911
203.42,164.99,17.14,0.10132,0.80623,0.58286,0.99485,-0.082839,-0.058347,0.0012421,0.58577,-0.81048
201.4,150.52,3.1092,0.13941,0.7079,0.69241,0.99023,-0.099661,-0.09748,-0,0.69924,-0.71488
199.39,136.05,-0.16786,0.13812,0.99022,-0.019773,0.99042,-0.13809,0.0027574,-0,-0.019964,-0.9998
197.37,121.57,-0.08,0.13814,0.99041,-0,0.99041,-0.13814,0,-0,-0,-1
195.35,107.1,-0.08,0.13814,0.99041,-0,0.99041,-0.13814,0,-0,-0,-1
193.33,92.63,-0.08,0.13814,0.99041,-0,0.99041,-0.13814,0,-0,-0,-1
191.31,78.157,-0.08,0.13814,0.99041,-0,0.99041,-0.13814,0,-0,-0,-1
189.29,63.685,-0.08,0.13814,0.99041,-0,0.99041,-0.13814,0,-0,-0,-1
148.01,188.87,32.442,-0.079702,0.89819,0.43233,0.99682,0.071222,0.035802,0.0013654,0.43381,-0.901
149.29,174.42,23.918,-0.072251,0.81657,0.57271,0.99739,0.059167,0.041467,-2.5111e-05,0.57421,-0.81871
150.58,159.96,12.288,-0.063589,0.71026,0.70106,0.99798,0.044985,0.044945,0.00038541,0.7025,-0.71168
151.86,145.51,1.1326,-0.085305,0.92834,0.36181,0.99635,0.079482,0.030977,-0,0.36313,-0.93174
153.14,131.05,-0.08,-0.088415,0.99608,0,0.99608,0.088415,-0,-0,-0,-1
154.43,116.6,-0.08,-0.088415,0.99608,0,0.99608,0.088415,-0,-0,-0,-1
155.71,102.14,-0.08,-0.088415,0.99608,0,0.99608,0.088415,-0,-0,-0,-1
156.99,87.688,-0.08,-0.088415,0.99608,0,0.99608,0.088415,-0,-0,-0,-1
158.28,73.234,-0.08,-0.088415,0.99608,0,0.99608,0.088415,-0,-0,-0,-1
119.87,194.09,34.945,-0.0062718,0.8968,0.44239,0.99998,0.0050177,0.0040049,0.0013718,0.4424,-0.89682
119.97,179.64,27.461,-0.0057783,0.83304,0.55318,0.99998,0.004828,0.0031749,-2.5964e-05,0.55319,-0.83305
120.07,165.2,17.299,-0.0050924,0.80758,0.58974,0.99999,0.0041666,0.0029293,-9.1562e-05,0.58975,-0.80759
120.17,150.75,3.3332,-0.0068945,0.71684,0.69721,0.99998,0.0049423,0.004807,-0,0.69723,-0.71685
120.27,136.31,-0.17301,-0.0069712,0.99978,-0.019964,0.99998,0.0069699,-0.00013918,-0,-0.019964,-0.9998
120.37,121.86,-0.08,-0.0069725,0.99998,0,0.99998,0.0069725,-0,-0,-0,-1
120.47,107.42,-0.08,-0.0069725,0.99998,0,0.99998,0.0069725,-0,-0,-0,-1
120.57,92.97,-0.08,-0.0069725,0.99998,0,0.99998,0.0069725,-0,-0,-0,-1
120.67,78.525,-0.08,-0.0069725,0.99998,0,0.99998,0.0069725,-0,-0,-0,-1
97.459,185.32,30.669,0.076899,0.899,0.43114,0.99704,-0.069798,-0.032294,0.0010602,0.43234,-0.90171
96.188,170.85,21.432,0.070807,0.8174,0.57171,0.99749,-0.058039,-0.04056,2.8427e-05,0.57315,-0.81945
94.918,156.39,8.7989,0.062959,0.71791,0.69328,0.99802,-0.045425,-0.043595,0.00019441,0.69465,-0.71935
93.647,141.92,-0.26437,0.094442,0.92757,0.36151,0.99553,-0.087995,-0.034295,-0,0.36313,-0.93174
92.376,127.46,-0.08,0.087514,0.99616,-0,0.99616,-0.087514,0,-0,-0,-1
91.105,112.99,-0.08,0.087514,0.99616,-0,0.99616,-0.087514,0,-0,-0,-1
89.834,98.525,-0.08,0.087514,0.99616,-0,0.99616,-0.087514,0,-0,-0,-1
88.563,84.059,-0.08,0.087514,0.99616,-0,0.99616,-0.087514,0,-0,-0,-1
87.292,69.593,-0.08,0.087514,0.99616,-0,0.99616,-0.087514,0,-0,-0,-1
65.847,196.88,36.117,-0.0075197,0.95266,0.30393,0.99997,0.007032,0.0026991,0.0004341,0.30395,-0.95269
65.967,182.32,29.177,-0.0069367,0.83756,0.5463,0.99998,0.0057688,0.0038528,7.5512e-05,0.54631,-0.83758
66.088,167.76,19.178,-0.0064291,0.80867,0.58823,0.99998,0.0053833,0.0035287,-0.00031308,0.58824,-0.80868
66.208,153.2,5.7073,-0.0068561,0.71781,0.69621,0.99998,0.0047359,0.0049647,0.00026651,0.69622,-0.71783
66.329,138.64,-0.21962,-0.0082813,0.99977,-0.019964,0.99997,0.0082796,-0.00016533,-0,-0.019964,-0.9998
66.45,124.08,-0.08,-0.0082829,0.99997,0,0.99997,0.0082829,-0,-0,-0,-1
66.57,109.52,-0.08,-0.0082829,0.99997,0,0.99997,0.0082829,-0,-0,-0,-1
66.691,94.956,-0.08,-0.0082829,0.99997,0,0.99997,0.0082829,-0,-0,-0,-1
66.812,80.395,-0.08,-0.0082829,0.99997,0,0.99997,0.0082829,-0,-0,-0,-1
66.932,65.833,-0.08,-0.0082829,0.99997,0,0.99997,0.0082829,-0,-0,-0,-1
67.053,51.272,-0.08,-0.0082829,0.99997,0,0.99997,0.0082829,-0,-0,-0,-1
39.741,199.77,37.041,-0.026931,0.95191,0.30519,0.99964,0.025634,0.0082566,3.6228e-05,0.3053,-0.95225
40.155,185.24,30.598,-0.025033,0.90174,0.43155,0.99969,0.022717,0.010521,-0.00031602,0.43168,-0.90203
40.57,170.72,21.344,-0.02304,0.80713,0.58992,0.99973,0.018886,0.013207,-0.00048157,0.59007,-0.80735
40.984,156.19,8.588,-0.02052,0.72101,0.69262,0.99979,0.014888,0.014123,-0.00012908,0.69276,-0.72116
41.398,141.67,-0.28004,-0.028515,0.99939,-0.019956,0.99959,0.028509,-0.00056929,-0,-0.019964,-0.9998
41.813,127.14,-0.08,-0.028521,0.99959,0,0.99959,0.028521,-0,-0,-0,-1
42.227,112.61,-0.08,-0.028521,0.99959,0,0.99959,0.028521,-0,-0,-0,-1
42.642,98.087,-0.08,-0.028521,0.99959,0,0.99959,0.028521,-0,-0,-0,-1
43.056,83.561,-0.08,-0.028521,0.99959,0,0.99959,0.028521,-0,-0,-0,-1
43.471,69.035,-0.08,-0.028521,0.99959,0,0.99959,0.028521,-0,-0,-0,-1
43.885,54.509,-0.08,-0.028521,0.99959,0,0.99959,0.028521,-0,-0,-0,-1
326.71,307.34,103.22,-0.10707,-0.97557,0.19185,-0.97406,0.06423,-0.217,0.19937,-0.2101,-0.95713
327.97,318.85,100.47,-0.10422,-0.95182,0.28842,-0.97355,0.03835,-0.22524,0.20332,-0.30426,-0.93064
329.23,330.35,96.159,-0.093159,-0.9189,0.38333,-0.9749,0.0059906,-0.22257,0.20222,-0.39444,-0.8964
330.49,341.86,90.246,-0.081518,-0.86809,0.48967,-0.97658,-0.028586,-0.21325,0.19912,-0.49559,-0.84543
331.75,353.37,82.354,-0.070237,-0.80459,0.58966,-0.97487,-0.069911,-0.21152,0.21141,-0.5897,-0.77946
333.01,364.88,71.806,-0.056081,-0.70782,0.70417,-0.97909,-0.099128,-0.17762,0.19552,-0.69941,-0.68746
334.27,376.39,56.94,-0.052016,-0.53362,0.84412,-0.98455,-0.11412,-0.13281,0.1672,-0.83799,-0.51944
335.53,387.89,34.841,-0.0479,-0.42874,0.90216,-0.9845,-0.13229,-0.11514,0.16871,-0.89369,-0.41576
319.62,305.07,102.08,0.10595,-0.96643,0.23406,-0.96572,-0.1561,-0.20739,0.23696,-0.20406,-0.94985
318.4,316.21,98.984,0.10062,-0.93073,0.35158,-0.9659,-0.17611,-0.1898,0.23857,-0.3205,-0.91672
317.18,327.35,94.573,0.097396,-0.88792,0.44956,-0.95964,-0.20352,-0.19407,0.26382,-0.41252,-0.87191
315.96,338.49,88.389,0.096028,-0.84734,0.5223,-0.96497,-0.20797,-0.15997,0.24417,-0.48864,-0.83762
314.74,349.63,80.331,0.089901,-0.77644,0.62374,-0.96699,-0.21799,-0.13198,0.23845,-0.59128,-0.77041
313.52,360.77,69.638,0.0816,-0.67299,0.73514,-0.966,-0.23495,-0.10786,0.24531,-0.70135,-0.66928
312.31,371.9,54.642,0.060907,-0.51575,0.85457,-0.96633,-0.2449,-0.078932,0.25,-0.82099,-0.5133
311.09,383.04,32.55,0.03196,-0.43982,0.89752,-0.96571,-0.24508,-0.085711,0.25766,-0.864,-0.43257
304.01,305.41,97.992,0.31379,-0.89987,0.30294,-0.91826,-0.36876,-0.14425,0.24152,-0.23291,-0.94203
300.43,315.76,94.119,0.29836,-0.86231,0.40914,-0.9101,-0.38619,-0.15026,0.28757,-0.32753,-0.90001
296.84,326.12,88.936,0.28611,-0.82674,0.48441,-0.91494,-0.3859,-0.11821,0.28465,-0.40938,-0.86682
293.26,336.47,82.247,0.26647,-0.76855,0.58165,-0.92275,-0.37775,-0.076395,0.27843,-0.51636,-0.80984
289.68,346.82,73.605,0.25555,-0.72185,0.64314,-0.92547,-0.37506,-0.053231,0.27964,-0.58161,-0.76389
286.09,357.18,61.967,0.19657,-0.56779,0.79936,-0.94083,-0.33875,-0.0092602,0.27604,-0.75024,-0.60078
282.51,367.53,45.255,0.14865,-0.42965,0.89068,-0.94571,-0.32502,0.0010419,0.28904,-0.84247,-0.45464
278.93,377.88,25.141,0.18892,-0.54444,0.81724,-0.94684,-0.32168,0.0045837,0.26039,-0.77466,-0.57627
301.6,308.27,96.544,0.60058,-0.71097,0.36582,-0.74609,-0.66283,-0.063328,0.2875,-0.2349,-0.92853
294.35,316.85,91.78,0.58046,-0.68786,0.43579,-0.76182,-0.64774,-0.0076956,0.28757,-0.32753,-0.90001
287.11,325.44,86.076,0.55912,-0.6631,0.49767,-0.78013,-0.62399,0.045043,0.28068,-0.41343,-0.86619
279.86,334.02,79.284,0.51698,-0.61261,0.59786,-0.81346,-0.56903,0.12035,0.26647,-0.54856,-0.79252
272.62,342.61,70.613,0.49617,-0.60068,0.6269,-0.82646,-0.54801,0.12903,0.26604,-0.58213,-0.76834
265.37,351.19,59.833,0.43289,-0.5326,0.72729,-0.86001,-0.48581,0.15612,0.27018,-0.69306,-0.66834
258.13,359.78,44.942,0.32278,-0.3885,0.86307,-0.90928,-0.38041,0.16882,0.26273,-0.83926,-0.47604
250.88,368.36,26.201,0.40646,-0.45023,0.79504,-0.89256,-0.38165,0.24018,0.19529,-0.80724,-0.55698
243.64,376.95,14.806,0.49858,-0.59304,0.63224,-0.84782,-0.48556,0.21313,0.1806,-0.64229,-0.74488
264.16,306.87,85.704,0.39933,-0.8631,0.30919,-0.88357,-0.45229,-0.12141,0.24463,-0.22471,-0.94322
259.6,316.87,81.208,0.37252,-0.8166,0.44091,-0.88565,-0.45476,-0.093962,0.27723,-0.35548,-0.89262
255.04,326.87,75.247,0.35603,-0.77344,0.52444,-0.89541,-0.44293,-0.045367,0.26738,-0.45343,-0.85024
250.48,336.87,67.249,0.3228,-0.7073,0.62891,-0.90862,-0.41762,-0.0033108,0.26499,-0.57037,-0.77747
245.92,346.87,56.742,0.27504,-0.6084,0.74445,-0.93924,-0.33543,0.072884,0.20537,-0.71926,-0.66369
241.36,356.87,41.864,0.20892,-0.4891,0.84684,-0.9517,-0.30092,0.060992,0.225,-0.81868,-0.52834
236.8,366.86,23.318,0.25986,-0.547,0.79578,-0.94577,-0.31051,0.095402,0.19491,-0.77741,-0.59803
234.72,308.16,77.74,0.34028,-0.88302,0.32324,-0.91566,-0.38938,-0.099748,0.21394,-0.26203,-0.94105
230.76,318.43,73.119,0.31812,-0.82552,0.46618,-0.92326,-0.38147,-0.045475,0.21537,-0.41594,-0.88352
226.8,328.71,66.665,0.30057,-0.77919,0.55001,-0.93189,-0.36272,-0.0046009,0.20308,-0.51117,-0.83514
222.84,338.98,57.572,0.25985,-0.67998,0.68564,-0.94321,-0.33091,0.029293,0.20697,-0.65431,-0.72735
218.88,349.26,44.699,0.19831,-0.51263,0.83539,-0.96084,-0.26999,0.062411,0.19355,-0.81505,-0.5461
214.92,359.53,26.302,0.20526,-0.47346,0.85656,-0.96639,-0.23645,0.10089,0.15477,-0.84849,-0.50608
210.12,309.19,72.431,0.3143,-0.89229,0.32408,-0.93645,-0.34745,-0.048431,0.15582,-0.28826,-0.94479
206.45,319.59,67.643,0.29475,-0.83694,0.46114,-0.9435,-0.33138,0.0016415,0.15144,-0.43557,-0.88733
202.79,329.99,60.595,0.26639,-0.75996,0.59287,-0.95098,-0.30749,0.03314,0.15711,-0.57263,-0.80462
199.13,340.39,50.614,0.22336,-0.64912,0.72716,-0.96112,-0.27094,0.053359,0.16238,-0.7108,-0.6844
195.46,350.8,35.008,0.15784,-0.42741,0.89017,-0.97606,-0.20415,0.075042,0.14966,-0.8807,-0.4494
191.8,361.2,19.319,0.23155,-0.61332,0.75513,-0.96689,-0.2307,0.10911,0.10729,-0.75539,-0.64643
185.02,310.12,68.162,0.40469,-0.84987,0.33756,-0.90666,-0.42098,0.02707,0.1191,-0.31701,-0.94091
180.15,320.32,62.988,0.38004,-0.79708,0.46929,-0.91816,-0.38655,0.086991,0.11206,-0.46394,-0.87875
175.28,330.53,55.611,0.33273,-0.69786,0.63425,-0.93618,-0.32529,0.13321,0.11335,-0.6381,-0.76156
170.42,340.73,44.722,0.27269,-0.57397,0.77214,-0.95587,-0.25285,0.14962,0.10936,-0.77886,-0.61759
165.55,350.94,27.981,0.26007,-0.56633,0.78207,-0.96244,-0.21743,0.1626,0.077964,-0.79498,-0.60161
160.69,361.14,15.423,0.33908,-0.71119,0.61582,-0.93915,-0.29417,0.17739,0.054997,-0.63849,-0.76766
164.69,310.71,65.553,0.52339,-0.76916,0.36667,-0.84363,-0.52827,0.096064,0.11981,-0.35961,-0.92538
158.15,320.33,60.287,0.50074,-0.74586,0.43925,-0.86209,-0.47533,0.17566,0.077771,-0.46664,-0.88102
151.6,329.95,52.95,0.45404,-0.66724,0.59045,-0.88829,-0.3905,0.24178,0.069239,-0.63427,-0.77001
145.06,339.57,42.491,0.36211,-0.54298,0.75766,-0.92898,-0.27703,0.24545,0.07662,-0.79273,-0.60473
138.51,349.19,26.868,0.35523,-0.47824,0.80318,-0.93316,-0.23197,0.27459,0.054999,-0.84704,-0.52868
131.96,358.81,15.407,0.45766,-0.65171,0.60483,-0.88769,-0.37353,0.26921,0.050477,-0.66012,-0.74947
142.14,297.2,67.324,0.43655,-0.87683,0.20147,-0.89684,-0.4419,0.020068,0.071432,-0.18944,-0.97929
136.76,308.01,64.119,0.41765,-0.8388,0.34925,-0.9046,-0.41994,0.073167,0.085294,-0.34649,-0.93417
131.38,318.81,58.786,0.39398,-0.7919,0.46655,-0.91783,-0.36587,0.15406,0.048696,-0.48891,-0.87097
126,329.62,50.899,0.34353,-0.70482,0.62066,-0.93785,-0.29209,0.18739,0.049216,-0.64646,-0.76136
120.62,340.42,38.85,0.25836,-0.58116,0.77169,-0.96509,-0.19078,0.17944,0.042933,-0.79111,-0.61016
115.25,351.22,21.944,0.30959,-0.56518,0.76467,-0.94922,-0.2311,0.2135,0.056048,-0.79193,-0.60803
106.43,297.57,65.23,0.27555,-0.94278,0.18772,-0.96009,-0.27965,0.0048459,0.047926,-0.18156,-0.98221
103.09,308.97,61.868,0.26326,-0.90055,0.34597,-0.96375,-0.26161,0.052388,0.04333,-0.34722,-0.93678
99.763,320.36,56.225,0.24121,-0.84015,0.48576,-0.96985,-0.2266,0.089676,0.034734,-0.49275,-0.86948
96.431,331.76,47.333,0.19319,-0.65861,0.72726,-0.9806,-0.15459,0.12049,0.03307,-0.73644,-0.6757
93.1,343.16,32.491,0.15371,-0.5167,0.84225,-0.98758,-0.10845,0.1137,0.032592,-0.84927,-0.52695
89.768,354.55,17.303,0.21426,-0.73196,0.64678,-0.97647,-0.17712,0.12304,0.024495,-0.65793,-0.75268
72.391,314.81,58.355,0.15037,-0.86,0.48763,-0.98799,-0.14848,0.042792,0.035605,-0.48821,-0.872
70.536,325.42,51.91,0.12955,-0.73527,0.66528,-0.99152,-0.10327,0.078936,0.010665,-0.66986,-0.74241
68.68,336.04,41.534,0.10604,-0.60776,0.78701,-0.99435,-0.068133,0.081358,0.0041745,-0.79119,-0.61156
66.824,346.65,25.873,0.10557,-0.54504,0.83174,-0.99438,-0.06428,0.084088,0.007633,-0.83595,-0.54876
64.969,357.26,14.376,0.12995,-0.74227,0.65737,-0.99152,-0.099269,0.083921,0.002964,-0.6627,-0.74888
45.826,293.6,64.712,-0.02225,-0.98064,0.19458,-0.99975,0.021824,-0.0043362,5.9251e-06,-0.19462,-0.98088
46.098,305.6,61.97,-0.021266,-0.93728,0.34793,-0.99977,0.01995,-0.0073664,-3.6836e-05,-0.34801,-0.93749
46.37,317.61,56.641,-0.019482,-0.87371,0.48606,-0.99981,0.01706,-0.0094069,-7.3319e-05,-0.48615,-0.87388
46.643,329.61,47.995,-0.01615,-0.74237,0.66979,-0.99987,0.011994,-0.010815,-4.4845e-06,-0.66988,-0.74247
46.915,341.61,33.66,-0.012172,-0.52827,0.84899,-0.99993,0.0064242,-0.010339,7.6811e-06,-0.84905,-0.52831
47.188,353.62,17.562,-0.017034,-0.75075,0.66036,-0.99985,0.012792,-0.011249,-2.2676e-06,-0.66046,-0.75086
334.51,380.97,49.095,-0.01275,-0.48491,0.87447,-0.98634,-0.13751,-0.090633,0.1642,-0.86369,-0.47653
335.22,394.72,23.614,-0.047548,-0.60801,0.7925,-0.98922,-0.081346,-0.12176,0.1385,-0.78975,-0.59759
335.93,408.47,10.928,-0.043119,-0.84764,0.52882,-0.99366,-0.018614,-0.11086,0.10381,-0.53025,-0.84146
336.65,422.23,3.9071,-0.054087,-0.92551,0.37485,-0.99688,0.028443,-0.073614,0.057468,-0.37766,-0.92416
337.36,435.98,0.51065,-0.051882,-0.99542,0.080327,-0.99843,0.050019,-0.025033,0.020901,-0.0815,-0.99645
338.08,449.73,-0.10315,-0.05187,-0.99864,-0.0043966,-0.99865,0.051869,0.00020719,2.114e-05,0.0044014,-0.99999
338.79,463.48,-0.079894,-0.05187,-0.99865,-1.0965e-06,-0.99865,0.05187,-2.1112e-05,2.114e-05,-0,-1
339.51,477.23,-0.079879,-0.05187,-0.99865,-1.0965e-06,-0.99865,0.05187,-2.1112e-05,2.114e-05,-0,-1
