-1.0603,0,0.72584,0.84147,0,-0.5403,-0,1,0,0.5403,0,0.84147
-1.0603,0,0.72584,0.84147,0,-0.5403,-0,1,0,0.5403,0,0.84147
-1.0357,0.00013917,0.72451,0.83018,0.011597,-0.55737,-0.0084434,0.99993,0.0082284,0.55743,-0.0021249,0.83022
-1.0113,9.3377e-05,0.72265,0.81847,0.023281,-0.57408,-0.016567,0.99972,0.016923,0.57432,-0.0043403,0.81862
-0.98692,-0.00013583,0.72024,0.80634,0.035055,-0.59041,-0.024356,0.99936,0.026073,0.59095,-0.0066434,0.80668
-0.96274,-0.00054667,0.71731,0.79381,0.046922,-0.60635,-0.031799,0.99886,0.035666,0.60733,-0.0090312,0.7944
-0.93871,-0.0011372,0.71385,0.7809,0.058883,-0.62188,-0.038881,0.9982,0.045691,0.62345,-0.011501,0.78178
-0.91486,-0.0019053,0.70986,0.76761,0.070939,-0.63698,-0.045592,0.99738,0.056135,0.63929,-0.014049,0.76884
-0.89119,-0.0028487,0.70536,0.75396,0.083093,-0.65164,-0.051918,0.9964,0.066985,0.65486,-0.016673,0.75556
-0.89119,-0.0028487,0.70536,0.75396,0.083093,-0.65164,-0.051918,0.9964,0.066985,0.65486,-0.016673,0.75556
-0.86435,-0.0040341,0.70016,0.73845,0.097249,-0.66726,-0.059177,0.99507,0.079535,0.67171,-0.019246,0.74056
-0.86435,-0.0040341,0.70016,0.73845,0.097249,-0.66726,-0.059177,0.99507,0.079535,0.67171,-0.019246,0.74056
-0.83776,-0.0054007,0.69429,0.72251,0.1115,-0.68231,-0.065923,0.99352,0.092556,0.68821,-0.021893,0.72518
-0.81145,-0.0069449,0.68779,0.70618,0.12586,-0.69676,-0.072141,0.99174,0.10603,0.70435,-0.02461,0.70943
-0.78542,-0.0086635,0.68065,0.68947,0.14031,-0.71059,-0.077816,0.98973,0.11993,0.72012,-0.027392,0.69331
-0.7597,-0.010552,0.67288,0.67241,0.15487,-0.72379,-0.082935,0.98747,0.13424,0.73552,-0.030235,0.67683
-0.7597,-0.010552,0.67288,0.67241,0.15487,-0.72379,-0.082935,0.98747,0.13424,0.73552,-0.030235,0.67683
-0.73431,-0.012608,0.66449,0.65502,0.16952,-0.73635,-0.087486,0.98497,0.14893,0.75053,-0.033136,0.66001
-0.70926,-0.014825,0.6555,0.63733,0.18427,-0.74824,-0.091455,0.98221,0.16399,0.76515,-0.036089,0.64285
-0.68456,-0.0172,0.64591,0.61935,0.19912,-0.75944,-0.094831,0.9792,0.17939,0.77936,-0.03909,0.62535
-0.66024,-0.019729,0.63574,0.60112,0.21405,-0.76996,-0.097604,0.97591,0.19511,0.79318,-0.042134,0.60753
-0.6363,-0.022406,0.62499,0.58266,0.22908,-0.77977,-0.099764,0.97236,0.21112,0.80657,-0.045217,0.5894
-0.6363,-0.022406,0.62499,0.58266,0.22908,-0.77977,-0.099764,0.97236,0.21112,0.80657,-0.045217,0.5894
-0.61276,-0.025226,0.61368,0.56398,0.2442,-0.78885,-0.1013,0.96852,0.2274,0.81955,-0.048334,0.57097
-0.61276,-0.025226,0.61368,0.56398,0.2442,-0.78885,-0.1013,0.96852,0.2274,0.81955,-0.048334,0.57097
-0.58964,-0.028184,0.60182,0.54513,0.25941,-0.79721,-0.10221,0.9644,0.24391,0.8321,-0.051479,0.55223
-0.56695,-0.031274,0.58943,0.52612,0.27469,-0.80482,-0.10249,0.95998,0.26065,0.84421,-0.054649,0.53322
-0.5447,-0.034492,0.57651,0.50698,0.29005,-0.81169,-0.10212,0.95526,0.27758,0.85588,-0.057838,0.51392
-0.52291,-0.037832,0.56308,0.48775,0.30549,-0.81779,-0.1011,0.95024,0.29467,0.86711,-0.061041,0.49436
-0.52291,-0.037832,0.56308,0.48775,0.30549,-0.81779,-0.1011,0.95024,0.29467,0.86711,-0.061041,0.49436
-0.50159,-0.041287,0.54916,0.46843,0.32099,-0.82312,-0.099437,0.9449,0.31189,0.87789,-0.064252,0.47454
-0.48075,-0.044852,0.53475,0.44907,0.33656,-0.82768,-0.097118,0.93924,0.32923,0.8882,-0.067467,0.45447
-0.4604,-0.048521,0.51987,0.42969,0.35219,-0.83146,-0.094141,0.93326,0.34666,0.89805,-0.07068,0.43417
-0.44055,-0.052287,0.50454,0.41032,0.36787,-0.83445,-0.090509,0.92694,0.36413,0.90744,-0.073886,0.41364
-0.42122,-0.056144,0.48876,0.39098,0.38359,-0.83665,-0.086219,0.92028,0.38164,0.91635,-0.077079,0.39289
-0.42122,-0.056144,0.48876,0.39098,0.38359,-0.83665,-0.086219,0.92028,0.38164,0.91635,-0.077079,0.39289
-0.40242,-0.060086,0.47257,0.37171,0.39935,-0.83806,-0.081274,0.91328,0.39915,0.92478,-0.080255,0.37193
-0.38415,-0.064106,0.45596,0.35253,0.41515,-0.83868,-0.075675,0.90592,0.41663,0.93274,-0.083406,0.35078
-0.36642,-0.068197,0.43896,0.33347,0.43096,-0.83849,-0.069425,0.89821,0.43405,0.9402,-0.086529,0.32944
-0.34925,-0.072353,0.42158,0.31455,0.4468,-0.83751,-0.062528,0.89014,0.45139,0.94718,-0.089617,0.30793
-0.33264,-0.076566,0.40383,0.29581,0.46264,-0.83574,-0.05499,0.88169,0.46861,0.95366,-0.092665,0.28626
-0.3166,-0.080831,0.38574,0.27728,0.47848,-0.83317,-0.046816,0.87287,0.4857,0.95965,-0.095667,0.26443
-0.30113,-0.08514,0.36732,0.25897,0.49431,-0.82982,-0.038014,0.86368,0.50261,0.96514,-0.098617,0.24246
-0.28625,-0.089487,0.34858,0.24093,0.51011,-0.82568,-0.028593,0.8541,0.51933,0.97012,-0.10151,0.22036
-0.28625,-0.089487,0.34858,0.24093,0.51011,-0.82568,-0.028593,0.8541,0.51933,0.97012,-0.10151,0.22036
-0.27196,-0.093863,0.32955,0.22316,0.52589,-0.82075,-0.018561,0.84413,0.53582,0.9746,-0.10434,0.19814
-0.25826,-0.098262,0.31024,0.20572,0.54163,-0.81506,-0.0079302,0.83377,0.55206,0.97858,-0.1071,0.17581
-0.24516,-0.10268,0.29066,0.18861,0.55731,-0.8086,0.00329,0.82301,0.56802,0.98205,-0.10979,0.15339
-0.24516,-0.10268,0.29066,0.18861,0.55731,-0.8086,0.00329,0.82301,0.56802,0.98205,-0.10979,0.15339
-0.23051,-0.099413,0.28158,0.1793,0.56782,-0.80339,0.0026648,0.81634,0.57757,0.98379,-0.1057,0.14485
-0.21601,-0.095954,0.27222,0.17012,0.57808,-0.79805,0.0025264,0.8096,0.58698,0.98542,-0.10187,0.13627
-0.20167,-0.092304,0.2626,0.16108,0.5881,-0.79259,0.0028747,0.80279,0.59625,0.98694,-0.098323,0.12762
-0.18748,-0.088466,0.25271,0.15219,0.59787,-0.78701,0.0037089,0.79594,0.60537,0.98834,-0.095048,0.11891
-0.17346,-0.084442,0.24255,0.14344,0.6074,-0.78134,0.0050256,0.78904,0.61432,0.98965,-0.092047,0.11013
-0.15963,-0.080234,0.23212,0.13486,0.61669,-0.77557,0.0068228,0.78213,0.62308,0.99084,-0.08932,0.10127
-0.15963,-0.080234,0.23212,0.13486,0.61669,-0.77557,0.0068228,0.78213,0.62308,0.99084,-0.08932,0.10127
-0.14654,-0.075633,0.22256,0.12726,0.62498,-0.7702,0.0083389,0.77581,0.63091,0.99183,-0.086713,0.093519
-0.13362,-0.07086,0.21277,0.11981,0.63305,-0.76478,0.01029,0.7695,0.63857,0.99274,-0.084374,0.085675
-0.12086,-0.065918,0.20273,0.11249,0.64091,-0.75933,0.012677,0.76319,0.64605,0.99357,-0.082301,0.077729
-0.10828,-0.060807,0.19246,0.10533,0.64854,-0.75386,0.015495,0.75691,0.65334,0.99432,-0.080494,0.069673
-0.09587,-0.055532,0.18195,0.098311,0.65596,-0.74836,0.018739,0.75065,0.66043,0.99498,-0.078951,0.061505
-0.09587,-0.055532,0.18195,0.098311,0.65596,-0.74836,0.018739,0.75065,0.66043,0.99498,-0.078951,0.061505
-0.083979,-0.049963,0.172,0.091954,0.6627,-0.74321,0.021846,0.74485,0.66687,0.99552,-0.077558,0.054015
-0.072259,-0.044237,0.16183,0.085732,0.66925,-0.73808,0.025352,0.7391,0.67312,0.996,-0.07642,0.046398
-0.072259,-0.044237,0.16183,0.085732,0.66925,-0.73808,0.025352,0.7391,0.67312,0.996,-0.07642,0.046398
-0.072259,-0.044237,0.16183,0.085732,0.66925,-0.73808,0.025352,0.7391,0.67312,0.996,-0.07642,0.046398
-0.072259,-0.044237,0.16183,0.085732,0.66925,-0.73808,0.025352,0.7391,0.67312,0.996,-0.07642,0.046398
-0.06091,-0.038276,0.15194,0.079953,0.67531,-0.73319,0.028892,0.73366,0.6789,0.99638,-0.075463,0.039147
-0.049731,-0.032166,0.14184,0.074297,0.68119,-0.72833,0.032812,0.72828,0.68449,0.9967,-0.074753,0.031759
-0.038728,-0.025909,0.13153,0.068767,0.68687,-0.72352,0.037109,0.72297,0.68988,0.99694,-0.074289,0.024228
-0.027906,-0.019508,0.12101,0.06336,0.69236,-0.71876,0.041778,0.71774,0.69506,0.99712,-0.074068,0.01655
-0.017272,-0.012966,0.11028,0.058076,0.69766,-0.71407,0.046818,0.71258,0.70002,0.99721,-0.074085,0.008721
-0.0068302,-0.0062867,0.099351,0.052914,0.70278,-0.70944,0.052221,0.70752,0.70477,0.99723,-0.07434,0.00073791
0.003413,0.00052717,0.088216,0.047872,0.7077,-0.70489,0.057986,0.70254,0.70928,0.99717,-0.074828,-0.0074042
0.013453,0.0074722,0.076879,0.04295,0.71243,-0.70042,0.064105,0.69766,0.71355,0.99702,-0.075547,-0.015706
0.023283,0.014545,0.065342,0.038142,0.71698,-0.69605,0.070575,0.69289,0.71758,0.99678,-0.076494,-0.024173
0.023283,0.014545,0.065342,0.038142,0.71698,-0.69605,0.070575,0.69289,0.71758,0.99678,-0.076494,-0.024173
0.032898,0.021742,0.053606,0.03345,0.72133,-0.69178,0.077388,0.68822,0.72136,0.99644,-0.077665,-0.032802
0.042294,0.029059,0.041674,0.028869,0.7255,-0.68762,0.084542,0.68366,0.72488,0.996,-0.079058,-0.041598
0.051464,0.036494,0.029548,0.024397,0.72948,-0.68357,0.092027,0.67923,0.72814,0.99546,-0.080671,-0.050561
0.060404,0.04404,0.017229,0.020031,0.73327,-0.67964,0.09984,0.67491,0.73111,0.9948,-0.0825,-0.059691
0.069108,0.051696,0.0047216,0.015767,0.73688,-0.67584,0.10797,0.67072,0.73381,0.99403,-0.084543,-0.068988
0.077572,0.059456,-0.0079744,0.0116,0.74029,-0.67218,0.11642,0.66666,0.73622,0.99313,-0.086796,-0.078452
0.077572,0.059456,-0.0079744,0.0116,0.74029,-0.67218,0.11642,0.66666,0.73622,0.99313,-0.086796,-0.078452
0.08579,0.067316,-0.020854,0.0075288,0.74353,-0.66867,0.12517,0.66272,0.73833,0.99211,-0.089257,-0.088079
0.093757,0.075272,-0.033917,0.0035454,0.74657,-0.6653,0.13423,0.65893,0.74014,0.99094,-0.091924,-0.097873
0.093757,0.075272,-0.033917,0.0035454,0.74657,-0.6653,0.13423,0.65893,0.74014,0.99094,-0.091924,-0.097873
0.093757,0.075272,-0.033917,0.0035454,0.74657,-0.6653,0.13423,0.65893,0.74014,0.99094,-0.091924,-0.097873
0.10147,0.08332,-0.047158,-0.00035057,0.74943,-0.66209,0.14357,0.65526,0.74163,0.98964,-0.094795,-0.10782
0.10147,0.08332,-0.047158,-0.00035057,0.74943,-0.66209,0.14357,0.65526,0.74163,0.98964,-0.094795,-0.10782
0.10147,0.08332,-0.047158,-0.00035057,0.74943,-0.66209,0.14357,0.65526,0.74163,0.98964,-0.094795,-0.10782
0.10159,0.085056,-0.047941,-0.00074387,0.74932,-0.66221,0.14264,0.65551,0.74159,0.98977,-0.093908,-0.10737
0.10149,0.086766,-0.048856,-0.00056337,0.7494,-0.66212,0.14171,0.6555,0.74178,0.98991,-0.093408,-0.10656
0.10144,0.088501,-0.04972,-0.00051962,0.74942,-0.6621,0.14074,0.65556,0.74191,0.99005,-0.092796,-0.10581
0.1014,0.090238,-0.050546,-0.00050733,0.74941,-0.6621,0.13975,0.65566,0.74201,0.99019,-0.092152,-0.10506
0.10137,0.091981,-0.051363,-0.00050417,0.74941,-0.6621,0.13875,0.65575,0.74212,0.99033,-0.091495,-0.10431
0.10134,0.093732,-0.052152,-0.00050305,0.74941,-0.6621,0.13774,0.65584,0.74222,0.99047,-0.090823,-0.10355
0.10131,0.095491,-0.052933,-0.00050205,0.74941,-0.6621,0.13671,0.65594,0.74233,0.99061,-0.090143,-0.10278
0.10127,0.097153,-0.053654,-0.00048956,0.7494,-0.66212,0.13572,0.65604,0.74242,0.99075,-0.0895,-0.10203
0.075132,0.089839,-0.039594,-0.00036864,0.74935,-0.66218,0.13371,0.65627,0.74259,0.99102,-0.088267,-0.10044
0.09487,0.10421,-0.053652,-3.0457e-05,0.74931,-0.66222,0.12898,0.6567,0.74304,0.99165,-0.085393,-0.096668
0.10079,0.10373,-0.04635,-7.1242e-05,0.74928,-0.66225,0.12468,0.65709,0.74343,0.9922,-0.08252,-0.09347
0.10056,0.1029,-0.044698,0.0004896,0.74936,-0.66216,0.12423,0.65699,0.7436,0.99225,-0.082622,-0.092769
0.10047,0.10204,-0.042977,0.00070587,0.74934,-0.66219,0.12382,0.65703,0.74363,0.9923,-0.082516,-0.092318
0.10043,0.10116,-0.041234,0.00079573,0.74933,-0.6622,0.12347,0.65706,0.74366,0.99235,-0.082356,-0.091999
0.1004,0.10025,-0.039488,0.00083322,0.74932,-0.6622,0.12318,0.65708,0.74369,0.99238,-0.082188,-0.091752
0.10039,0.099318,-0.037746,0.00085024,0.74932,-0.6622,0.1229,0.65711,0.74371,0.99242,-0.082019,-0.091535
0.10038,0.098363,-0.036008,0.00085843,0.74932,-0.6622,0.12266,0.65713,0.74373,0.99245,-0.081864,-0.091348
0.10037,0.0974,-0.034278,0.00086301,0.74932,-0.6622,0.12243,0.65714,0.74376,0.99248,-0.081717,-0.091174
0.10077,0.096349,-0.032475,-0.00016179,0.7494,-0.66212,0.12264,0.65714,0.74373,0.99245,-0.08108,-0.09201
0.10077,0.096349,-0.032475,-0.00016179,0.7494,-0.66212,0.12264,0.65714,0.74373,0.99245,-0.08108,-0.09201
0.10077,0.096349,-0.032475,-0.00016179,0.7494,-0.66212,0.12264,0.65714,0.74373,0.99245,-0.08108,-0.09201
0.10077,0.096349,-0.032475,-0.00016179,0.7494,-0.66212,0.12264,0.65714,0.74373,0.99245,-0.08108,-0.09201
0.10077,0.096349,-0.032475,-0.00016179,0.7494,-0.66212,0.12264,0.65714,0.74373,0.99245,-0.08108,-0.09201
0.10077,0.096349,-0.032475,-0.00016179,0.7494,-0.66212,0.12264,0.65714,0.74373,0.99245,-0.08108,-0.09201
0.10077,0.096349,-0.032475,-0.00016179,0.7494,-0.66212,0.12264,0.65714,0.74373,0.99245,-0.08108,-0.09201
0.10077,0.096349,-0.032475,-0.00016179,0.7494,-0.66212,0.12264,0.65714,0.74373,0.99245,-0.08108,-0.09201
0.10077,0.096349,-0.032475,-0.00016179,0.7494,-0.66212,0.12264,0.65714,0.74373,0.99245,-0.08108,-0.09201
0.10077,0.096349,-0.032475,-0.00016179,0.7494,-0.66212,0.12264,0.65714,0.74373,0.99245,-0.08108,-0.09201
0.10077,0.096349,-0.032475,-0.00016179,0.7494,-0.66212,0.12264,0.65714,0.74373,0.99245,-0.08108,-0.09201
0.10077,0.096349,-0.032475,-0.00016179,0.7494,-0.66212,0.12264,0.65714,0.74373,0.99245,-0.08108,-0.09201
0.10077,0.096349,-0.032475,-0.00016179,0.7494,-0.66212,0.12264,0.65714,0.74373,0.99245,-0.08108,-0.09201
0.10077,0.096349,-0.032475,-0.00016179,0.7494,-0.66212,0.12264,0.65714,0.74373,0.99245,-0.08108,-0.09201
0.10077,0.096349,-0.032475,-0.00016179,0.7494,-0.66212,0.12264,0.65714,0.74373,0.99245,-0.08108,-0.09201
0.10077,0.096349,-0.032475,-0.00016179,0.7494,-0.66212,0.12264,0.65714,0.74373,0.99245,-0.08108,-0.09201
0.10077,0.096349,-0.032475,-0.00016179,0.7494,-0.66212,0.12264,0.65714,0.74373,0.99245,-0.08108,-0.09201
0.10077,0.096349,-0.032475,-0.00016179,0.7494,-0.66212,0.12264,0.65714,0.74373,0.99245,-0.08108,-0.09201
0.10077,0.096349,-0.032475,-0.00016179,0.7494,-0.66212,0.12264,0.65714,0.74373,0.99245,-0.08108,-0.09201
0.10077,0.096349,-0.032475,-0.00016179,0.7494,-0.66212,0.12264,0.65714,0.74373,0.99245,-0.08108,-0.09201
0.10077,0.096349,-0.032475,-0.00016179,0.7494,-0.66212,0.12264,0.65714,0.74373,0.99245,-0.08108,-0.09201
0.10077,0.096349,-0.032475,-0.00016179,0.7494,-0.66212,0.12264,0.65714,0.74373,0.99245,-0.08108,-0.09201
0.10077,0.096349,-0.032475,-0.00016179,0.7494,-0.66212,0.12264,0.65714,0.74373,0.99245,-0.08108,-0.09201
0.10077,0.096349,-0.032475,-0.00016179,0.7494,-0.66212,0.12264,0.65714,0.74373,0.99245,-0.08108,-0.09201
0.10077,0.096349,-0.032475,-0.00016179,0.7494,-0.66212,0.12264,0.65714,0.74373,0.99245,-0.08108,-0.09201
0.10077,0.096349,-0.032475,-0.00016179,0.7494,-0.66212,0.12264,0.65714,0.74373,0.99245,-0.08108,-0.09201
0.10077,0.096349,-0.032475,-0.00016179,0.7494,-0.66212,0.12264,0.65714,0.74373,0.99245,-0.08108,-0.09201
0.10077,0.096349,-0.032475,-0.00016179,0.7494,-0.66212,0.12264,0.65714,0.74373,0.99245,-0.08108,-0.09201
0.10077,0.096349,-0.032475,-0.00016179,0.7494,-0.66212,0.12264,0.65714,0.74373,0.99245,-0.08108,-0.09201
0.10077,0.096349,-0.032475,-0.00016179,0.7494,-0.66212,0.12264,0.65714,0.74373,0.99245,-0.08108,-0.09201
0.10077,0.096349,-0.032475,-0.00016179,0.7494,-0.66212,0.12264,0.65714,0.74373,0.99245,-0.08108,-0.09201
0.10077,0.096349,-0.032475,-0.00016179,0.7494,-0.66212,0.12264,0.65714,0.74373,0.99245,-0.08108,-0.09201
0.10077,0.096349,-0.032475,-0.00016179,0.7494,-0.66212,0.12264,0.65714,0.74373,0.99245,-0.08108,-0.09201
0.10077,0.096349,-0.032475,-0.00016179,0.7494,-0.66212,0.12264,0.65714,0.74373,0.99245,-0.08108,-0.09201
0.10077,0.096349,-0.032475,-0.00016179,0.7494,-0.66212,0.12264,0.65714,0.74373,0.99245,-0.08108,-0.09201
0.10077,0.096349,-0.032475,-0.00016179,0.7494,-0.66212,0.12264,0.65714,0.74373,0.99245,-0.08108,-0.09201
0.10077,0.096349,-0.032475,-0.00016179,0.7494,-0.66212,0.12264,0.65714,0.74373,0.99245,-0.08108,-0.09201
0.10077,0.096349,-0.032475,-0.00016179,0.7494,-0.66212,0.12264,0.65714,0.74373,0.99245,-0.08108,-0.09201
0.10119,0.093382,-0.034855,-0.00079527,0.76476,-0.64431,0.13246,0.63871,0.75796,0.99119,-0.084742,-0.10181
0.10158,0.090425,-0.037231,-0.001052,0.77973,-0.62611,0.14226,0.61986,0.77171,0.98983,-0.08826,-0.11158
0.10158,0.090425,-0.037231,-0.001052,0.77973,-0.62611,0.14226,0.61986,0.77171,0.98983,-0.08826,-0.11158
0.10158,0.090425,-0.037231,-0.001052,0.77973,-0.62611,0.14226,0.61986,0.77171,0.98983,-0.08826,-0.11158
0.10158,0.090425,-0.037231,-0.001052,0.77973,-0.62611,0.14226,0.61986,0.77171,0.98983,-0.08826,-0.11158
0.10158,0.090425,-0.037231,-0.001052,0.77973,-0.62611,0.14226,0.61986,0.77171,0.98983,-0.08826,-0.11158
0.10197,0.087478,-0.039605,-0.00093336,0.79429,-0.60754,0.15203,0.60059,0.78497,0.98838,-0.091633,-0.12132
0.10197,0.087478,-0.039605,-0.00093336,0.79429,-0.60754,0.15203,0.60059,0.78497,0.98838,-0.091633,-0.12132
0.10197,0.087478,-0.039605,-0.00093336,0.79429,-0.60754,0.15203,0.60059,0.78497,0.98838,-0.091633,-0.12132
0.10181,0.089304,-0.040412,-0.00063641,0.79423,-0.60761,0.15085,0.60074,0.78509,0.98856,-0.091162,-0.1202
0.10175,0.091085,-0.041184,-0.00056052,0.79425,-0.60759,0.14981,0.6008,0.78524,0.98871,-0.090584,-0.11933
0.10171,0.092867,-0.041922,-0.00053972,0.79425,-0.60759,0.14876,0.6009,0.78536,0.98887,-0.089962,-0.11848
0.10167,0.094656,-0.042649,-0.00053375,0.79425,-0.60759,0.14771,0.60099,0.78549,0.98903,-0.089326,-0.11764
0.10163,0.096442,-0.043348,-0.00052906,0.79424,-0.6076,0.14663,0.60109,0.78561,0.98919,-0.088679,-0.11678
0.1016,0.098237,-0.04403,-0.00052566,0.79424,-0.6076,0.14555,0.60119,0.78574,0.98935,-0.08802,-0.11591
0.10156,0.10003,-0.044694,-0.00052105,0.79424,-0.6076,0.14445,0.60129,0.78587,0.98951,-0.087357,-0.11504
0.10153,0.10174,-0.045285,-0.00052613,0.7942,-0.60766,0.14336,0.60145,0.78595,0.98967,-0.086701,-0.11417
0.075533,0.093498,-0.031604,-0.0007422,0.79409,-0.6078,0.14198,0.60172,0.78599,0.98987,-0.085709,-0.11319
0.095091,0.10878,-0.044817,-3.9589e-05,0.79403,-0.60788,0.13633,0.6022,0.78661,0.99066,-0.082843,-0.10828
0.10107,0.10776,-0.037546,-0.00022468,0.7941,-0.60778,0.13226,0.60246,0.78711,0.99121,-0.080211,-0.10517
0.1008,0.10682,-0.035983,0.0004359,0.79421,-0.60764,0.13184,0.60229,0.78731,0.99127,-0.080454,-0.10445
0.10069,0.10586,-0.034314,0.00069836,0.79418,-0.60768,0.13145,0.60234,0.78735,0.99132,-0.080429,-0.10397
0.10064,0.10486,-0.032633,0.00080766,0.79417,-0.6077,0.13117,0.60236,0.78737,0.99136,-0.080345,-0.10368
0.10062,0.10383,-0.03095,0.00085384,0.79417,-0.6077,0.13093,0.60238,0.7874,0.99139,-0.080237,-0.10346
0.1006,0.10279,-0.02927,0.0008729,0.79416,-0.6077,0.13072,0.6024,0.78742,0.99142,-0.080127,-0.10329
0.10059,0.10174,-0.027594,0.00088259,0.79416,-0.6077,0.13053,0.60241,0.78744,0.99144,-0.08002,-0.10313
0.10059,0.10066,-0.025925,0.00088826,0.79416,-0.6077,0.13037,0.60243,0.78746,0.99147,-0.079925,-0.103
0.10052,0.099653,-0.024411,0.0010603,0.7942,-0.60765,0.13022,0.60237,0.78752,0.99149,-0.079961,-0.10278
0.10052,0.099653,-0.024411,0.0010603,0.7942,-0.60765,0.13022,0.60237,0.78752,0.99149,-0.079961,-0.10278
0.10052,0.099653,-0.024411,0.0010603,0.7942,-0.60765,0.13022,0.60237,0.78752,0.99149,-0.079961,-0.10278
0.10052,0.099653,-0.024411,0.0010603,0.7942,-0.60765,0.13022,0.60237,0.78752,0.99149,-0.079961,-0.10278
0.10052,0.099653,-0.024411,0.0010603,0.7942,-0.60765,0.13022,0.60237,0.78752,0.99149,-0.079961,-0.10278
0.10052,0.099653,-0.024411,0.0010603,0.7942,-0.60765,0.13022,0.60237,0.78752,0.99149,-0.079961,-0.10278
0.10052,0.099653,-0.024411,0.0010603,0.7942,-0.60765,0.13022,0.60237,0.78752,0.99149,-0.079961,-0.10278
0.10052,0.099653,-0.024411,0.0010603,0.7942,-0.60765,0.13022,0.60237,0.78752,0.99149,-0.079961,-0.10278
0.10052,0.099653,-0.024411,0.0010603,0.7942,-0.60765,0.13022,0.60237,0.78752,0.99149,-0.079961,-0.10278
0.10052,0.099653,-0.024411,0.0010603,0.7942,-0.60765,0.13022,0.60237,0.78752,0.99149,-0.079961,-0.10278
0.10052,0.099653,-0.024411,0.0010603,0.7942,-0.60765,0.13022,0.60237,0.78752,0.99149,-0.079961,-0.10278
0.10052,0.099653,-0.024411,0.0010603,0.7942,-0.60765,0.13022,0.60237,0.78752,0.99149,-0.079961,-0.10278
0.10052,0.099653,-0.024411,0.0010603,0.7942,-0.60765,0.13022,0.60237,0.78752,0.99149,-0.079961,-0.10278
0.10052,0.099653,-0.024411,0.0010603,0.7942,-0.60765,0.13022,0.60237,0.78752,0.99149,-0.079961,-0.10278
0.10052,0.099653,-0.024411,0.0010603,0.7942,-0.60765,0.13022,0.60237,0.78752,0.99149,-0.079961,-0.10278
0.10052,0.099653,-0.024411,0.0010603,0.7942,-0.60765,0.13022,0.60237,0.78752,0.99149,-0.079961,-0.10278
0.10052,0.099653,-0.024411,0.0010603,0.7942,-0.60765,0.13022,0.60237,0.78752,0.99149,-0.079961,-0.10278
0.10052,0.099653,-0.024411,0.0010603,0.7942,-0.60765,0.13022,0.60237,0.78752,0.99149,-0.079961,-0.10278
0.10052,0.099653,-0.024411,0.0010603,0.7942,-0.60765,0.13022,0.60237,0.78752,0.99149,-0.079961,-0.10278
0.10052,0.099653,-0.024411,0.0010603,0.7942,-0.60765,0.13022,0.60237,0.78752,0.99149,-0.079961,-0.10278
0.10052,0.099653,-0.024411,0.0010603,0.7942,-0.60765,0.13022,0.60237,0.78752,0.99149,-0.079961,-0.10278
0.10052,0.099653,-0.024411,0.0010603,0.7942,-0.60765,0.13022,0.60237,0.78752,0.99149,-0.079961,-0.10278
0.10052,0.099653,-0.024411,0.0010603,0.7942,-0.60765,0.13022,0.60237,0.78752,0.99149,-0.079961,-0.10278
0.10052,0.099653,-0.024411,0.0010603,0.7942,-0.60765,0.13022,0.60237,0.78752,0.99149,-0.079961,-0.10278
0.10052,0.099653,-0.024411,0.0010603,0.7942,-0.60765,0.13022,0.60237,0.78752,0.99149,-0.079961,-0.10278
0.10052,0.099653,-0.024411,0.0010603,0.7942,-0.60765,0.13022,0.60237,0.78752,0.99149,-0.079961,-0.10278
0.10052,0.099653,-0.024411,0.0010603,0.7942,-0.60765,0.13022,0.60237,0.78752,0.99149,-0.079961,-0.10278
0.10052,0.099653,-0.024411,0.0010603,0.7942,-0.60765,0.13022,0.60237,0.78752,0.99149,-0.079961,-0.10278
0.10052,0.099653,-0.024411,0.0010603,0.7942,-0.60765,0.13022,0.60237,0.78752,0.99149,-0.079961,-0.10278
0.10052,0.099653,-0.024411,0.0010603,0.7942,-0.60765,0.13022,0.60237,0.78752,0.99149,-0.079961,-0.10278
0.10052,0.099653,-0.024411,0.0010603,0.7942,-0.60765,0.13022,0.60237,0.78752,0.99149,-0.079961,-0.10278
0.10052,0.099653,-0.024411,0.0010603,0.7942,-0.60765,0.13022,0.60237,0.78752,0.99149,-0.079961,-0.10278
0.10052,0.099653,-0.024411,0.0010603,0.7942,-0.60765,0.13022,0.60237,0.78752,0.99149,-0.079961,-0.10278
0.10052,0.099653,-0.024411,0.0010603,0.7942,-0.60765,0.13022,0.60237,0.78752,0.99149,-0.079961,-0.10278
0.10052,0.099653,-0.024411,0.0010603,0.7942,-0.60765,0.13022,0.60237,0.78752,0.99149,-0.079961,-0.10278
0.10052,0.099653,-0.024411,0.0010603,0.7942,-0.60765,0.13022,0.60237,0.78752,0.99149,-0.079961,-0.10278
0.10052,0.099653,-0.024411,0.0010603,0.7942,-0.60765,0.13022,0.60237,0.78752,0.99149,-0.079961,-0.10278
0.10052,0.099653,-0.024411,0.0010603,0.7942,-0.60765,0.13022,0.60237,0.78752,0.99149,-0.079961,-0.10278
0.10138,0.095559,-0.027869,-0.00014243,0.81515,-0.57925,0.14675,0.57299,0.80632,0.98917,-0.084889,-0.1197
0.1022,0.0915,-0.031318,-0.00049752,0.83516,-0.55001,0.16314,0.54271,0.82393,0.9866,-0.089317,-0.13652
0.1022,0.0915,-0.031318,-0.00049752,0.83516,-0.55001,0.16314,0.54271,0.82393,0.9866,-0.089317,-0.13652
0.1022,0.0915,-0.031318,-0.00049752,0.83516,-0.55001,0.16314,0.54271,0.82393,0.9866,-0.089317,-0.13652
0.10217,0.093325,-0.031935,-0.00054376,0.83509,-0.55011,0.16201,0.54292,0.82401,0.98679,-0.088677,-0.13559
0.10214,0.095141,-0.032575,-0.00055322,0.83509,-0.55011,0.16093,0.54302,0.82416,0.98697,-0.088074,-0.13469
0.1021,0.096967,-0.033187,-0.00055906,0.83508,-0.55012,0.15982,0.54313,0.8243,0.98715,-0.087458,-0.13376
0.10206,0.09879,-0.033781,-0.00056581,0.83508,-0.55013,0.1587,0.54323,0.82445,0.98733,-0.086837,-0.13283
0.10202,0.10062,-0.034379,-0.00055481,0.83509,-0.55011,0.15758,0.54331,0.82461,0.98751,-0.086227,-0.13189
0.10198,0.10245,-0.034938,-0.0005603,0.83508,-0.55012,0.15643,0.54342,0.82476,0.98769,-0.085591,-0.13093
0.10197,0.10436,-0.035351,-0.00066627,0.83479,-0.55057,0.15505,0.544,0.82464,0.98791,-0.084819,-0.1298
0.10192,0.10601,-0.035966,-0.00059434,0.83506,-0.55015,0.15421,0.54365,0.82503,0.98804,-0.084347,-0.1291
0.07581,0.096869,-0.022926,-0.00047228,0.83516,-0.55001,0.15335,0.54357,0.82524,0.98817,-0.083957,-0.12833
0.095462,0.11294,-0.035037,-0.00011772,0.83491,-0.55038,0.14702,0.54441,0.82583,0.98913,-0.080822,-0.12282
0.10157,0.11132,-0.027849,-0.0006433,0.83525,-0.54987,0.14346,0.54426,0.82656,0.98966,-0.078352,-0.12017
0.10119,0.11039,-0.026337,0.00030001,0.8351,-0.55009,0.14272,0.54443,0.82658,0.98976,-0.078757,-0.11902
0.10099,0.10936,-0.024789,0.00079928,0.83509,-0.55011,0.1423,0.54442,0.82665,0.98982,-0.078944,-0.1184
0.10088,0.10828,-0.0232,0.0010637,0.83507,-0.55014,0.14201,0.54443,0.8267,0.98987,-0.079002,-0.11801
0.10082,0.10716,-0.021604,0.0012033,0.83507,-0.55015,0.14179,0.54445,0.82672,0.9899,-0.079002,-0.11775
0.10088,0.10598,-0.019912,0.0010307,0.83503,-0.5502,0.14167,0.54453,0.82669,0.98991,-0.078801,-0.11774
0.10082,0.10482,-0.018371,0.0011923,0.83508,-0.55013,0.14155,0.54445,0.82676,0.98993,-0.078859,-0.11756
0.10088,0.10363,-0.016703,0.0010237,0.83503,-0.5502,0.14147,0.54455,0.82671,0.98994,-0.078682,-0.11757
0.10084,0.10251,-0.015252,0.0011325,0.83508,-0.55013,0.14139,0.54447,0.82678,0.98995,-0.078722,-0.11746
0.10084,0.10251,-0.015252,0.0011325,0.83508,-0.55013,0.14139,0.54447,0.82678,0.98995,-0.078722,-0.11746
0.10084,0.10251,-0.015252,0.0011325,0.83508,-0.55013,0.14139,0.54447,0.82678,0.98995,-0.078722,-0.11746
0.10174,0.098602,-0.018937,-7.6977e-05,0.85393,-0.52039,0.1578,0.51388,0.84323,0.98747,-0.082052,-0.13479
0.10174,0.098602,-0.018937,-7.6977e-05,0.85393,-0.52039,0.1578,0.51388,0.84323,0.98747,-0.082052,-0.13479
0.10174,0.098602,-0.018937,-7.6977e-05,0.85393,-0.52039,0.1578,0.51388,0.84323,0.98747,-0.082052,-0.13479
0.10174,0.098602,-0.018937,-7.6977e-05,0.85393,-0.52039,0.1578,0.51388,0.84323,0.98747,-0.082052,-0.13479
0.10174,0.098602,-0.018937,-7.6977e-05,0.85393,-0.52039,0.1578,0.51388,0.84323,0.98747,-0.082052,-0.13479
0.10174,0.098602,-0.018937,-7.6977e-05,0.85393,-0.52039,0.1578,0.51388,0.84323,0.98747,-0.082052,-0.13479
0.10174,0.098602,-0.018937,-7.6977e-05,0.85393,-0.52039,0.1578,0.51388,0.84323,0.98747,-0.082052,-0.13479
0.10174,0.098602,-0.018937,-7.6977e-05,0.85393,-0.52039,0.1578,0.51388,0.84323,0.98747,-0.082052,-0.13479
0.10174,0.098602,-0.018937,-7.6977e-05,0.85393,-0.52039,0.1578,0.51388,0.84323,0.98747,-0.082052,-0.13479
0.10174,0.098602,-0.018937,-7.6977e-05,0.85393,-0.52039,0.1578,0.51388,0.84323,0.98747,-0.082052,-0.13479
0.10174,0.098602,-0.018937,-7.6977e-05,0.85393,-0.52039,0.1578,0.51388,0.84323,0.98747,-0.082052,-0.13479
0.10174,0.098602,-0.018937,-7.6977e-05,0.85393,-0.52039,0.1578,0.51388,0.84323,0.98747,-0.082052,-0.13479
0.10174,0.098602,-0.018937,-7.6977e-05,0.85393,-0.52039,0.1578,0.51388,0.84323,0.98747,-0.082052,-0.13479
0.10174,0.098602,-0.018937,-7.6977e-05,0.85393,-0.52039,0.1578,0.51388,0.84323,0.98747,-0.082052,-0.13479
0.10174,0.098602,-0.018937,-7.6977e-05,0.85393,-0.52039,0.1578,0.51388,0.84323,0.98747,-0.082052,-0.13479
0.10174,0.098602,-0.018937,-7.6977e-05,0.85393,-0.52039,0.1578,0.51388,0.84323,0.98747,-0.082052,-0.13479
0.10174,0.098602,-0.018937,-7.6977e-05,0.85393,-0.52039,0.1578,0.51388,0.84323,0.98747,-0.082052,-0.13479
0.10174,0.098602,-0.018937,-7.6977e-05,0.85393,-0.52039,0.1578,0.51388,0.84323,0.98747,-0.082052,-0.13479
0.10174,0.098602,-0.018937,-7.6977e-05,0.85393,-0.52039,0.1578,0.51388,0.84323,0.98747,-0.082052,-0.13479
0.10174,0.098602,-0.018937,-7.6977e-05,0.85393,-0.52039,0.1578,0.51388,0.84323,0.98747,-0.082052,-0.13479
0.10174,0.098602,-0.018937,-7.6977e-05,0.85393,-0.52039,0.1578,0.51388,0.84323,0.98747,-0.082052,-0.13479
0.10174,0.098602,-0.018937,-7.6977e-05,0.85393,-0.52039,0.1578,0.51388,0.84323,0.98747,-0.082052,-0.13479
0.10174,0.098602,-0.018937,-7.6977e-05,0.85393,-0.52039,0.1578,0.51388,0.84323,0.98747,-0.082052,-0.13479
0.10174,0.098602,-0.018937,-7.6977e-05,0.85393,-0.52039,0.1578,0.51388,0.84323,0.98747,-0.082052,-0.13479
0.10174,0.098602,-0.018937,-7.6977e-05,0.85393,-0.52039,0.1578,0.51388,0.84323,0.98747,-0.082052,-0.13479
0.10174,0.098602,-0.018937,-7.6977e-05,0.85393,-0.52039,0.1578,0.51388,0.84323,0.98747,-0.082052,-0.13479
0.10174,0.098602,-0.018937,-7.6977e-05,0.85393,-0.52039,0.1578,0.51388,0.84323,0.98747,-0.082052,-0.13479
0.10174,0.098602,-0.018937,-7.6977e-05,0.85393,-0.52039,0.1578,0.51388,0.84323,0.98747,-0.082052,-0.13479
0.10174,0.098602,-0.018937,-7.6977e-05,0.85393,-0.52039,0.1578,0.51388,0.84323,0.98747,-0.082052,-0.13479
0.10174,0.098602,-0.018937,-7.6977e-05,0.85393,-0.52039,0.1578,0.51388,0.84323,0.98747,-0.082052,-0.13479
0.10174,0.098602,-0.018937,-7.6977e-05,0.85393,-0.52039,0.1578,0.51388,0.84323,0.98747,-0.082052,-0.13479
0.10174,0.098602,-0.018937,-7.6977e-05,0.85393,-0.52039,0.1578,0.51388,0.84323,0.98747,-0.082052,-0.13479
0.10174,0.098602,-0.018937,-7.6977e-05,0.85393,-0.52039,0.1578,0.51388,0.84323,0.98747,-0.082052,-0.13479
0.10174,0.098602,-0.018937,-7.6977e-05,0.85393,-0.52039,0.1578,0.51388,0.84323,0.98747,-0.082052,-0.13479
0.10174,0.098602,-0.018937,-7.6977e-05,0.85393,-0.52039,0.1578,0.51388,0.84323,0.98747,-0.082052,-0.13479
0.10174,0.098602,-0.018937,-7.6977e-05,0.85393,-0.52039,0.1578,0.51388,0.84323,0.98747,-0.082052,-0.13479
0.1026,0.094723,-0.022609,-0.00044185,0.87179,-0.48988,0.17407,0.48247,0.85844,0.98473,-0.084894,-0.15196
0.1026,0.094723,-0.022609,-0.00044185,0.87179,-0.48988,0.17407,0.48247,0.85844,0.98473,-0.084894,-0.15196
0.1026,0.094723,-0.022609,-0.00044185,0.87179,-0.48988,0.17407,0.48247,0.85844,0.98473,-0.084894,-0.15196
0.10268,0.096538,-0.023091,-0.00073847,0.87178,-0.4899,0.17304,0.48263,0.85856,0.98491,-0.084139,-0.15121
0.10259,0.098393,-0.023624,-0.00065293,0.87178,-0.48989,0.17186,0.4827,0.85876,0.98512,-0.083631,-0.15014
0.10262,0.10023,-0.024102,-0.00082262,0.87178,-0.48989,0.17076,0.48282,0.85891,0.98531,-0.082946,-0.14926
0.10261,0.10206,-0.024572,-0.00090132,0.87179,-0.48988,0.16961,0.48291,0.85909,0.98551,-0.082314,-0.1483
0.10257,0.10392,-0.025041,-0.00093559,0.87179,-0.48987,0.16843,0.48301,0.85926,0.98571,-0.081704,-0.14729
0.10253,0.10577,-0.025488,-0.00094543,0.8718,-0.48987,0.16721,0.48311,0.85945,0.98592,-0.0811,-0.14623
0.10253,0.10758,-0.02589,-0.0011298,0.87184,-0.48979,0.16609,0.48315,0.85964,0.98611,-0.080376,-0.14535
0.1025,0.10933,-0.02627,-0.0011891,0.87184,-0.48979,0.16492,0.48326,0.85981,0.98631,-0.079752,-0.14436
0.076451,0.099215,-0.013991,-0.0010609,0.87231,-0.48895,0.16507,0.4824,0.86026,0.98628,-0.079796,-0.1445
0.095862,0.11621,-0.024983,-0.0002441,0.87166,-0.49011,0.15727,0.48404,0.8608,0.98756,-0.076868,-0.1372
0.10167,0.11426,-0.018011,-5.034e-06,0.87187,-0.48974,0.15341,0.48394,0.86155,0.98816,-0.075127,-0.13376
0.10141,0.11316,-0.016535,0.00063027,0.87181,-0.48985,0.15291,0.484,0.8616,0.98824,-0.075445,-0.133
0.10126,0.112,-0.015024,0.00097918,0.87179,-0.48987,0.1526,0.484,0.86166,0.98829,-0.075599,-0.13256
0.10119,0.1108,-0.013489,0.0011713,0.87179,-0.48989,0.15239,0.48401,0.86169,0.98832,-0.075665,-0.13229
0.10114,0.10957,-0.011955,0.0012713,0.87178,-0.4899,0.15225,0.48402,0.86171,0.98834,-0.075684,-0.13212
0.10112,0.10833,-0.010419,0.001331,0.87178,-0.4899,0.15216,0.48402,0.86173,0.98836,-0.075688,-0.132
0.1011,0.10706,-0.0088854,0.0013686,0.87178,-0.4899,0.15209,0.48402,0.86174,0.98837,-0.075688,-0.13193
0.10109,0.10578,-0.0073567,0.0013907,0.87178,-0.4899,0.15205,0.48402,0.86174,0.98837,-0.075687,-0.13188
0.10111,0.10454,-0.0059159,0.0013485,0.87178,-0.4899,0.15206,0.48403,0.86174,0.98837,-0.075658,-0.13191
0.10111,0.10454,-0.0059159,0.0013485,0.87178,-0.4899,0.15206,0.48403,0.86174,0.98837,-0.075658,-0.13191
0.10111,0.10454,-0.0059159,0.0013485,0.87178,-0.4899,0.15206,0.48403,0.86174,0.98837,-0.075658,-0.13191
0.10188,0.10212,-0.0082705,0.00019657,0.88294,-0.46949,0.16393,0.46311,0.87101,0.98647,-0.077136,-0.14465
0.10263,0.09972,-0.010617,-0.00060077,0.89366,-0.44874,0.17571,0.44185,0.87971,0.98444,-0.078318,-0.15729
0.10263,0.09972,-0.010617,-0.00060077,0.89366,-0.44874,0.17571,0.44185,0.87971,0.98444,-0.078318,-0.15729
0.10263,0.09972,-0.010617,-0.00060077,0.89366,-0.44874,0.17571,0.44185,0.87971,0.98444,-0.078318,-0.15729
0.10263,0.09972,-0.010617,-0.00060077,0.89366,-0.44874,0.17571,0.44185,0.87971,0.98444,-0.078318,-0.15729
0.10263,0.09972,-0.010617,-0.00060077,0.89366,-0.44874,0.17571,0.44185,0.87971,0.98444,-0.078318,-0.15729
0.10263,0.09972,-0.010617,-0.00060077,0.89366,-0.44874,0.17571,0.44185,0.87971,0.98444,-0.078318,-0.15729
0.10263,0.09972,-0.010617,-0.00060077,0.89366,-0.44874,0.17571,0.44185,0.87971,0.98444,-0.078318,-0.15729
0.10263,0.09972,-0.010617,-0.00060077,0.89366,-0.44874,0.17571,0.44185,0.87971,0.98444,-0.078318,-0.15729
0.10263,0.09972,-0.010617,-0.00060077,0.89366,-0.44874,0.17571,0.44185,0.87971,0.98444,-0.078318,-0.15729
0.10263,0.09972,-0.010617,-0.00060077,0.89366,-0.44874,0.17571,0.44185,0.87971,0.98444,-0.078318,-0.15729
0.10263,0.09972,-0.010617,-0.00060077,0.89366,-0.44874,0.17571,0.44185,0.87971,0.98444,-0.078318,-0.15729
0.10263,0.09972,-0.010617,-0.00060077,0.89366,-0.44874,0.17571,0.44185,0.87971,0.98444,-0.078318,-0.15729
0.10263,0.09972,-0.010617,-0.00060077,0.89366,-0.44874,0.17571,0.44185,0.87971,0.98444,-0.078318,-0.15729
0.10263,0.09972,-0.010617,-0.00060077,0.89366,-0.44874,0.17571,0.44185,0.87971,0.98444,-0.078318,-0.15729
0.10263,0.09972,-0.010617,-0.00060077,0.89366,-0.44874,0.17571,0.44185,0.87971,0.98444,-0.078318,-0.15729
0.10263,0.09972,-0.010617,-0.00060077,0.89366,-0.44874,0.17571,0.44185,0.87971,0.98444,-0.078318,-0.15729
0.10263,0.09972,-0.010617,-0.00060077,0.89366,-0.44874,0.17571,0.44185,0.87971,0.98444,-0.078318,-0.15729
0.10263,0.09972,-0.010617,-0.00060077,0.89366,-0.44874,0.17571,0.44185,0.87971,0.98444,-0.078318,-0.15729
0.10263,0.09972,-0.010617,-0.00060077,0.89366,-0.44874,0.17571,0.44185,0.87971,0.98444,-0.078318,-0.15729
0.10263,0.09972,-0.010617,-0.00060077,0.89366,-0.44874,0.17571,0.44185,0.87971,0.98444,-0.078318,-0.15729
0.10263,0.09972,-0.010617,-0.00060077,0.89366,-0.44874,0.17571,0.44185,0.87971,0.98444,-0.078318,-0.15729
0.10263,0.09972,-0.010617,-0.00060077,0.89366,-0.44874,0.17571,0.44185,0.87971,0.98444,-0.078318,-0.15729
0.10263,0.09972,-0.010617,-0.00060077,0.89366,-0.44874,0.17571,0.44185,0.87971,0.98444,-0.078318,-0.15729
0.10263,0.09972,-0.010617,-0.00060077,0.89366,-0.44874,0.17571,0.44185,0.87971,0.98444,-0.078318,-0.15729
0.10263,0.09972,-0.010617,-0.00060077,0.89366,-0.44874,0.17571,0.44185,0.87971,0.98444,-0.078318,-0.15729
0.10263,0.09972,-0.010617,-0.00060077,0.89366,-0.44874,0.17571,0.44185,0.87971,0.98444,-0.078318,-0.15729
0.10263,0.09972,-0.010617,-0.00060077,0.89366,-0.44874,0.17571,0.44185,0.87971,0.98444,-0.078318,-0.15729
0.10263,0.09972,-0.010617,-0.00060077,0.89366,-0.44874,0.17571,0.44185,0.87971,0.98444,-0.078318,-0.15729
0.10263,0.09972,-0.010617,-0.00060077,0.89366,-0.44874,0.17571,0.44185,0.87971,0.98444,-0.078318,-0.15729
0.10263,0.09972,-0.010617,-0.00060077,0.89366,-0.44874,0.17571,0.44185,0.87971,0.98444,-0.078318,-0.15729
0.10263,0.09972,-0.010617,-0.00060077,0.89366,-0.44874,0.17571,0.44185,0.87971,0.98444,-0.078318,-0.15729
0.10263,0.09972,-0.010617,-0.00060077,0.89366,-0.44874,0.17571,0.44185,0.87971,0.98444,-0.078318,-0.15729
0.10263,0.09972,-0.010617,-0.00060077,0.89366,-0.44874,0.17571,0.44185,0.87971,0.98444,-0.078318,-0.15729
0.10263,0.09972,-0.010617,-0.00060077,0.89366,-0.44874,0.17571,0.44185,0.87971,0.98444,-0.078318,-0.15729
0.10263,0.09972,-0.010617,-0.00060077,0.89366,-0.44874,0.17571,0.44185,0.87971,0.98444,-0.078318,-0.15729
0.10263,0.09972,-0.010617,-0.00060077,0.89366,-0.44874,0.17571,0.44185,0.87971,0.98444,-0.078318,-0.15729
0.10336,0.097341,-0.012956,-0.0010438,0.90393,-0.42768,0.18737,0.42028,0.88784,0.98229,-0.079209,-0.16981
0.10336,0.097341,-0.012956,-0.0010438,0.90393,-0.42768,0.18737,0.42028,0.88784,0.98229,-0.079209,-0.16981
0.10336,0.097341,-0.012956,-0.0010438,0.90393,-0.42768,0.18737,0.42028,0.88784,0.98229,-0.079209,-0.16981
0.10336,0.099088,-0.01351,-0.0011669,0.90427,-0.42696,0.18663,0.41966,0.88829,0.98243,-0.078646,-0.16925
0.10335,0.10096,-0.013873,-0.001292,0.90422,-0.42707,0.18538,0.41988,0.88844,0.98267,-0.078022,-0.16817
0.10332,0.10283,-0.014251,-0.0013433,0.90423,-0.42705,0.18415,0.41997,0.88866,0.9829,-0.077445,-0.16707
0.10328,0.10469,-0.014622,-0.0013666,0.90423,-0.42705,0.18289,0.42007,0.88887,0.98313,-0.076887,-0.16595
0.10323,0.10657,-0.014969,-0.0013723,0.90422,-0.42706,0.18159,0.42018,0.88909,0.98337,-0.076329,-0.16477
0.10317,0.10845,-0.0153,-0.0013638,0.90422,-0.42706,0.18027,0.42029,0.8893,0.98362,-0.075775,-0.16358
0.10295,0.11038,-0.015729,-0.00088414,0.90423,-0.42705,0.17877,0.42031,0.8896,0.98389,-0.075557,-0.16202
0.10293,0.11216,-0.015976,-0.00095519,0.90419,-0.42714,0.17751,0.42051,0.88976,0.98412,-0.07497,-0.1609
0.076903,0.10137,-0.0040886,-0.00095282,0.90422,-0.42707,0.17775,0.42043,0.88975,0.98408,-0.075063,-0.16112
0.096282,0.11887,-0.014312,-0.00010261,0.90428,-0.42695,0.17001,0.42075,0.89111,0.98544,-0.072493,-0.15378
0.10209,0.11655,-0.0072216,6.0045e-05,0.90398,-0.42757,0.1658,0.42165,0.89147,0.98616,-0.070943,-0.14985
0.10184,0.11526,-0.0059591,0.00068845,0.90422,-0.42706,0.1657,0.42106,0.89177,0.98618,-0.071379,-0.14954
0.10171,0.11401,-0.0045008,0.0010091,0.90417,-0.42718,0.1654,0.42114,0.89179,0.98623,-0.071555,-0.14912
0.10164,0.1127,-0.003054,0.0011904,0.90416,-0.42718,0.16526,0.42113,0.89182,0.98625,-0.071657,-0.14892
0.1016,0.11138,-0.0015899,0.0012928,0.90416,-0.42719,0.16516,0.42113,0.89183,0.98627,-0.071709,-0.14879
0.10157,0.11003,-0.00013273,0.0013517,0.90416,-0.4272,0.16512,0.42114,0.89184,0.98627,-0.071744,-0.14872
0.10156,0.10866,0.001314,0.0013835,0.90415,-0.4272,0.16511,0.42113,0.89184,0.98627,-0.071769,-0.1487
0.10155,0.10728,0.0027559,0.0014062,0.90415,-0.42721,0.16513,0.42113,0.89184,0.98627,-0.071797,-0.14871
0.10157,0.10596,0.0041244,0.0013668,0.90415,-0.4272,0.16519,0.42113,0.89183,0.98626,-0.071787,-0.14878
0.10157,0.10596,0.0041244,0.0013668,0.90415,-0.4272,0.16519,0.42113,0.89183,0.98626,-0.071787,-0.14878
0.10157,0.10596,0.0041244,0.0013668,0.90415,-0.4272,0.16519,0.42113,0.89183,0.98626,-0.071787,-0.14878
0.10274,0.10237,0.0001093,-0.00026456,0.91866,-0.39505,0.18207,0.38849,0.90329,0.98328,-0.071689,-0.16737
0.10387,0.098823,-0.0038854,-0.0010432,0.93207,-0.36227,0.19883,0.35523,0.91339,0.98003,-0.071079,-0.1857
0.10387,0.098823,-0.0038854,-0.0010432,0.93207,-0.36227,0.19883,0.35523,0.91339,0.98003,-0.071079,-0.1857
0.10387,0.098823,-0.0038854,-0.0010432,0.93207,-0.36227,0.19883,0.35523,0.91339,0.98003,-0.071079,-0.1857
0.10373,0.10079,-0.0041363,-0.00087434,0.93194,-0.36262,0.19725,0.35565,0.91357,0.98035,-0.070727,-0.18413
0.10374,0.10263,-0.0044858,-0.00099727,0.93207,-0.36228,0.1962,0.35542,0.91388,0.98056,-0.070167,-0.18322
0.10401,0.10467,-0.0046067,-0.0024191,0.93225,-0.3618,0.19558,0.35525,0.91408,0.98068,-0.068549,-0.18319
0.10445,0.10638,-0.0047907,-0.0034199,0.93244,-0.3613,0.19503,0.35498,0.9143,0.98079,-0.067339,-0.18307
0.10475,0.10801,-0.0049303,-0.0044759,0.9326,-0.36087,0.19453,0.35479,0.91448,0.98089,-0.066108,-0.18301
0.10515,0.10969,-0.0050802,-0.0054675,0.93279,-0.36039,0.19397,0.35454,0.9147,0.98099,-0.064904,-0.18287
0.10547,0.11134,-0.0051871,-0.0064925,0.93295,-0.35995,0.19342,0.35433,0.9149,0.98109,-0.063682,-0.18275
0.1036,0.11378,-0.0056689,-0.0015662,0.93201,-0.36242,0.18835,0.35621,0.91523,0.9821,-0.066828,-0.1761
0.077051,0.10234,0.0050501,-0.00013921,0.93233,-0.36162,0.18863,0.35515,0.91558,0.98205,-0.068085,-0.17592
0.096692,0.12043,-0.0036836,-0.00017117,0.93193,-0.36264,0.17978,0.35676,0.91673,0.98371,-0.065038,-0.1676
0.10269,0.11756,0.0033239,-0.00047264,0.93176,-0.36307,0.17611,0.35747,0.91717,0.98437,-0.063505,-0.16426
0.10235,0.11617,0.0043534,0.00042611,0.93212,-0.36214,0.17616,0.35641,0.91757,0.98436,-0.064187,-0.16405
0.10216,0.11485,0.0057236,0.00087773,0.93205,-0.36234,0.17581,0.35655,0.91759,0.98442,-0.064506,-0.16355
0.10206,0.11346,0.0070801,0.0011376,0.93204,-0.36234,0.17568,0.35652,0.91762,0.98445,-0.064701,-0.16334
0.102,0.11205,0.0084456,0.0012804,0.93204,-0.36237,0.17563,0.35652,0.91763,0.98445,-0.064819,-0.16324
0.10197,0.11061,0.0098149,0.0013666,0.93203,-0.36237,0.17565,0.35652,0.91763,0.98445,-0.064904,-0.16322
0.10196,0.10916,0.011183,0.0014159,0.93203,-0.36238,0.1757,0.35651,0.91762,0.98444,-0.064968,-0.16325
0.10195,0.10769,0.012539,0.0014441,0.93203,-0.36238,0.17578,0.3565,0.91761,0.98443,-0.065024,-0.16332
0.10197,0.10628,0.013822,0.001412,0.93203,-0.36238,0.17592,0.3565,0.91758,0.9844,-0.065045,-0.16346
0.10197,0.10628,0.013822,0.001412,0.93203,-0.36238,0.17592,0.3565,0.91758,0.9844,-0.065045,-0.16346
0.10197,0.10628,0.013822,0.001412,0.93203,-0.36238,0.17592,0.3565,0.91758,0.9844,-0.065045,-0.16346
